mean,std,episode,x
-0.009, 0.361, 2, 
-0.003, 0.404, 3, 
0.000, 0.425, 4, 
0.004, 0.340, 5, 
0.004, 0.474, 6, 
0.006, 0.429, 7, 
-0.007, 0.402, 8, 
-0.001, 0.507, 9, 
-0.008, 0.488, 10, 
0.006, 0.340, 11, 
0.008, 0.573, 12, 
0.008, 0.370, 13, 
-0.009, 0.379, 14, 
0.001, 0.251, 15, 
-0.013, 0.957, 16, 
0.017, 0.508, 17, 
-0.005, 0.456, 18, 
0.002, 0.528, 19, 
0.015, 0.629, 20, 
0.012, 0.582, 21, 
0.010, 0.586, 22, 
-0.005, 0.470, 23, 
0.016, 0.428, 24, 
0.009, 0.394, 25, 
-0.001, 0.476, 26, 
0.012, 0.320, 27, 
0.002, 0.341, 28, 
0.011, 0.532, 29, 
0.005, 0.382, 30, 
0.005, 0.407, 31, 
0.002, 0.324, 32, 
0.009, 0.292, 33, 
0.007, 0.293, 34, 
0.006, 0.326, 35, 
0.004, 0.600, 36, 
0.010, 0.321, 37, 
0.016, 0.521, 38, 
0.009, 0.573, 39, 
-0.005, 0.628, 40, 
0.009, 0.467, 41, 
0.005, 0.395, 42, 
-0.007, 0.803, 43, 
0.004, 0.323, 44, 
0.002, 0.400, 45, 
-0.000, 0.267, 46, 
0.002, 0.326, 47, 
0.006, 0.554, 48, 
0.015, 0.379, 49, 
0.012, 0.577, 50, 
0.003, 0.397, 51, 
0.011, 0.604, 52, 
0.008, 0.643, 53, 
0.018, 0.731, 54, 
0.011, 0.401, 55, 
0.004, 0.506, 56, 
0.009, 0.427, 57, 
0.005, 0.477, 58, 
0.003, 0.412, 59, 
0.003, 0.420, 60, 
0.013, 0.511, 61, 
0.005, 0.304, 62, 
0.008, 0.367, 63, 
0.004, 0.379, 64, 
0.004, 0.333, 65, 
0.017, 0.558, 66, 
0.007, 0.550, 67, 
0.006, 0.293, 68, 
0.006, 0.304, 69, 
0.018, 0.580, 70, 
0.004, 0.379, 71, 
-0.003, 0.749, 72, 
0.013, 0.365, 73, 
0.002, 0.498, 74, 
0.010, 0.384, 75, 
0.011, 0.528, 76, 
0.005, 0.454, 77, 
0.022, 0.445, 78, 
0.009, 0.288, 79, 
0.009, 0.489, 80, 
0.001, 0.381, 81, 
0.006, 0.542, 82, 
0.008, 0.280, 83, 
0.008, 0.372, 84, 
-0.001, 0.394, 85, 
0.011, 0.412, 86, 
0.014, 0.358, 87, 
0.001, 0.513, 88, 
0.019, 0.554, 89, 
0.009, 0.477, 90, 
0.004, 0.274, 91, 
0.003, 0.251, 92, 
0.005, 0.368, 93, 
0.016, 0.404, 94, 
-0.000, 0.537, 95, 
0.015, 0.459, 96, 
0.015, 0.379, 97, 
0.016, 0.287, 98, 
0.012, 0.527, 99, 
0.011, 0.470, 100, 
0.005, 0.270, 101, 
0.010, 0.256, 102, 
0.015, 0.725, 103, 
0.010, 0.314, 104, 
0.015, 0.391, 105, 
0.009, 0.411, 106, 
0.012, 0.574, 107, 
-0.002, 0.359, 108, 
0.017, 0.538, 109, 
0.008, 0.453, 110, 
0.007, 0.243, 111, 
0.006, 0.256, 112, 
0.004, 0.366, 113, 
0.005, 0.452, 114, 
0.015, 0.481, 115, 
0.014, 0.305, 116, 
0.012, 0.372, 117, 
-0.001, 0.552, 118, 
0.015, 0.468, 119, 
0.013, 0.471, 120, 
0.010, 0.314, 121, 
-0.004, 0.506, 122, 
0.004, 0.507, 123, 
0.017, 0.404, 124, 
0.021, 0.486, 125, 
0.004, 0.253, 126, 
0.002, 0.410, 127, 
0.012, 0.402, 128, 
0.009, 0.619, 129, 
0.017, 0.453, 130, 
0.016, 0.603, 131, 
0.019, 0.488, 132, 
0.007, 0.316, 133, 
0.014, 0.487, 134, 
0.019, 0.454, 135, 
0.004, 0.364, 136, 
0.008, 0.287, 137, 
0.011, 0.500, 138, 
0.010, 0.396, 139, 
0.016, 0.402, 140, 
0.003, 0.445, 141, 
0.007, 0.222, 142, 
0.009, 0.451, 143, 
0.006, 0.353, 144, 
0.007, 0.498, 145, 
0.015, 0.477, 146, 
0.011, 0.364, 147, 
0.002, 0.335, 148, 
0.021, 0.640, 149, 
0.009, 0.410, 150, 
0.026, 0.677, 151, 
0.007, 0.226, 152, 
0.018, 0.698, 153, 
0.018, 0.568, 154, 
0.012, 0.266, 155, 
0.021, 0.500, 156, 
0.012, 0.343, 157, 
0.020, 0.517, 158, 
0.012, 0.389, 159, 
0.014, 0.554, 160, 
0.012, 0.314, 161, 
0.011, 0.499, 162, 
0.006, 0.316, 163, 
0.011, 0.400, 164, 
0.013, 0.574, 165, 
0.006, 0.359, 166, 
0.010, 0.473, 167, 
0.021, 0.404, 168, 
0.007, 0.328, 169, 
0.011, 0.421, 170, 
0.020, 0.357, 171, 
0.014, 0.410, 172, 
0.012, 0.421, 173, 
0.009, 0.328, 174, 
0.014, 0.697, 175, 
0.023, 0.404, 176, 
0.015, 0.418, 177, 
0.011, 0.335, 178, 
0.019, 0.527, 179, 
0.010, 0.389, 180, 
0.014, 0.416, 181, 
0.008, 0.238, 182, 
0.013, 0.505, 183, 
0.018, 0.488, 184, 
0.017, 0.391, 185, 
0.015, 0.477, 186, 
0.007, 0.698, 187, 
0.008, 0.378, 188, 
0.016, 0.739, 189, 
0.008, 0.315, 190, 
0.016, 0.441, 191, 
0.005, 0.223, 192, 
0.012, 0.266, 193, 
0.015, 0.420, 194, 
0.013, 0.396, 195, 
0.004, 0.450, 196, 
0.012, 0.282, 197, 
0.013, 0.499, 198, 
0.018, 0.411, 199, 
0.013, 0.412, 200, 
0.014, 0.453, 201, 
0.008, 0.458, 202, 
0.010, 0.275, 203, 
0.013, 0.340, 204, 
0.017, 0.366, 205, 
0.010, 0.487, 206, 
0.019, 0.360, 207, 
0.012, 0.510, 208, 
0.010, 0.549, 209, 
0.006, 0.332, 210, 
0.010, 0.340, 211, 
0.011, 0.498, 212, 
0.009, 0.233, 213, 
0.004, 0.501, 214, 
0.014, 0.621, 215, 
0.017, 0.386, 216, 
0.026, 0.541, 217, 
0.021, 0.411, 218, 
0.010, 0.335, 219, 
-0.002, 0.353, 220, 
0.023, 0.677, 221, 
0.036, 0.480, 222, 
0.015, 0.291, 223, 
0.012, 0.366, 224, 
0.014, 0.574, 225, 
0.000, 0.398, 226, 
0.013, 0.475, 227, 
0.014, 0.389, 228, 
0.022, 0.477, 229, 
0.006, 0.314, 230, 
0.006, 0.335, 231, 
0.014, 0.380, 232, 
-0.001, 0.848, 233, 
0.010, 0.313, 234, 
0.012, 0.453, 235, 
0.007, 0.332, 236, 
0.013, 0.389, 237, 
0.004, 0.359, 238, 
0.015, 0.340, 239, 
0.007, 0.410, 240, 
0.006, 0.323, 241, 
0.010, 0.487, 242, 
0.013, 0.436, 243, 
0.012, 0.454, 244, 
0.015, 0.346, 245, 
0.014, 0.506, 246, 
0.010, 0.454, 247, 
0.013, 0.611, 248, 
0.008, 0.384, 249, 
0.015, 0.411, 250, 
0.012, 0.340, 251, 
0.009, 0.234, 252, 
0.011, 0.506, 253, 
0.017, 0.425, 254, 
0.013, 0.405, 255, 
0.016, 0.365, 256, 
-0.010, 0.845, 257, 
0.017, 0.424, 258, 
0.010, 0.552, 259, 
0.001, 0.512, 260, 
0.012, 0.468, 261, 
0.016, 0.411, 262, 
0.011, 0.477, 263, 
0.013, 0.410, 264, 
0.026, 0.767, 265, 
0.011, 0.282, 266, 
0.015, 0.500, 267, 
0.013, 0.266, 268, 
0.006, 0.494, 269, 
0.007, 0.304, 270, 
0.008, 0.235, 271, 
0.013, 0.324, 272, 
0.009, 0.496, 273, 
0.012, 0.466, 274, 
0.011, 0.338, 275, 
0.017, 0.544, 276, 
0.010, 0.389, 277, 
0.009, 0.367, 278, 
0.015, 0.396, 279, 
0.019, 0.365, 280, 
0.010, 0.499, 281, 
0.011, 0.414, 282, 
0.010, 0.406, 283, 
0.022, 0.341, 284, 
0.009, 0.266, 285, 
0.011, 0.290, 286, 
0.024, 0.484, 287, 
0.006, 0.335, 288, 
0.012, 0.351, 289, 
0.019, 0.413, 290, 
0.008, 0.328, 291, 
0.010, 0.406, 292, 
0.010, 0.380, 293, 
0.014, 0.454, 294, 
0.006, 0.266, 295, 
0.019, 0.527, 296, 
0.022, 0.603, 297, 
0.010, 0.501, 298, 
0.016, 0.359, 299, 
0.015, 0.506, 300, 
0.014, 0.436, 301, 
0.014, 0.450, 302, 
0.014, 0.341, 303, 
0.014, 0.524, 304, 
0.012, 0.341, 305, 
0.010, 0.243, 306, 
0.017, 0.358, 307, 
0.012, 0.340, 308, 
0.011, 0.429, 309, 
0.013, 0.367, 310, 
0.019, 0.516, 311, 
0.012, 0.426, 312, 
0.008, 0.353, 313, 
0.013, 0.500, 314, 
0.013, 0.486, 315, 
0.020, 0.496, 316, 
0.033, 0.481, 317, 
0.013, 0.500, 318, 
0.011, 0.452, 319, 
0.007, 0.328, 320, 
0.012, 0.537, 321, 
0.008, 0.487, 322, 
0.005, 0.531, 323, 
0.019, 0.462, 324, 
0.009, 0.313, 325, 
0.005, 0.359, 326, 
0.027, 0.457, 327, 
0.013, 0.625, 328, 
0.010, 0.274, 329, 
0.009, 0.316, 330, 
0.010, 0.513, 331, 
0.011, 0.525, 332, 
0.012, 0.391, 333, 
0.007, 0.332, 334, 
0.018, 0.394, 335, 
0.016, 0.438, 336, 
0.026, 0.519, 337, 
0.015, 0.496, 338, 
0.015, 0.523, 339, 
0.006, 0.314, 340, 
0.004, 0.332, 341, 
0.016, 0.384, 342, 
0.010, 0.368, 343, 
0.021, 0.360, 344, 
-0.000, 0.578, 345, 
-0.002, 0.897, 346, 
0.015, 0.418, 347, 
0.011, 0.458, 348, 
0.013, 0.305, 349, 
0.009, 0.328, 350, 
0.013, 0.372, 351, 
0.018, 0.717, 352, 
0.012, 0.698, 353, 
0.010, 0.406, 354, 
0.010, 0.384, 355, 
0.015, 0.477, 356, 
0.013, 0.291, 357, 
0.015, 0.531, 358, 
0.025, 0.547, 359, 
0.034, 0.717, 360, 
0.014, 0.506, 361, 
0.011, 0.392, 362, 
0.011, 0.410, 363, 
0.009, 0.500, 364, 
0.010, 0.287, 365, 
0.013, 0.287, 366, 
0.013, 0.453, 367, 
0.022, 0.503, 368, 
0.014, 0.334, 369, 
0.003, 0.352, 370, 
0.008, 0.470, 371, 
0.012, 0.507, 372, 
0.016, 0.572, 373, 
0.012, 0.391, 374, 
0.015, 0.477, 375, 
0.006, 0.323, 376, 
0.008, 0.222, 377, 
0.007, 0.458, 378, 
0.010, 0.367, 379, 
0.014, 0.414, 380, 
0.011, 0.383, 381, 
0.014, 0.494, 382, 
0.012, 0.454, 383, 
0.011, 0.454, 384, 
0.014, 0.280, 385, 
0.017, 0.437, 386, 
0.012, 0.305, 387, 
0.012, 0.338, 388, 
0.016, 0.572, 389, 
0.016, 0.343, 390, 
0.013, 0.396, 391, 
0.017, 0.359, 392, 
0.012, 0.340, 393, 
0.010, 0.275, 394, 
0.015, 0.314, 395, 
0.012, 0.305, 396, 
0.020, 0.610, 397, 
0.016, 0.440, 398, 
0.018, 0.441, 399, 
0.018, 0.544, 400, 
0.008, 0.379, 401, 
0.010, 0.426, 402, 
0.020, 0.610, 403, 
0.016, 0.419, 404, 
0.011, 0.619, 405, 
0.017, 0.489, 406, 
0.012, 0.698, 407, 
0.004, 0.368, 408, 
0.014, 0.554, 409, 
0.014, 0.375, 410, 
0.009, 0.396, 411, 
0.016, 0.747, 412, 
0.012, 0.396, 413, 
0.011, 0.326, 414, 
0.021, 0.352, 415, 
0.018, 0.381, 416, 
0.010, 0.472, 417, 
0.021, 0.610, 418, 
0.014, 0.747, 419, 
0.015, 0.568, 420, 
0.017, 0.426, 421, 
0.016, 0.440, 422, 
0.013, 0.453, 423, 
0.004, 0.330, 424, 
0.022, 0.411, 425, 
0.011, 0.275, 426, 
0.032, 0.717, 427, 
0.010, 0.378, 428, 
0.011, 0.282, 429, 
0.008, 0.739, 430, 
0.011, 0.270, 431, 
0.008, 0.304, 432, 
0.014, 0.587, 433, 
0.013, 0.366, 434, 
0.016, 0.488, 435, 
0.013, 0.364, 436, 
0.010, 0.487, 437, 
0.004, 0.330, 438, 
0.010, 0.450, 439, 
0.013, 0.429, 440, 
0.008, 0.328, 441, 
0.017, 0.386, 442, 
0.015, 0.446, 443, 
0.012, 0.335, 444, 
0.011, 0.275, 445, 
0.014, 0.233, 446, 
0.007, 0.552, 447, 
0.012, 0.498, 448, 
0.010, 0.538, 449, 
0.010, 0.416, 450, 
0.019, 0.509, 451, 
0.011, 0.498, 452, 
0.021, 0.411, 453, 
0.016, 0.477, 454, 
0.006, 0.368, 455, 
0.013, 0.400, 456, 
0.014, 0.625, 457, 
0.009, 0.450, 458, 
0.012, 0.293, 459, 
0.018, 0.431, 460, 
0.012, 0.324, 461, 
0.019, 0.457, 462, 
0.007, 0.233, 463, 
0.009, 0.380, 464, 
0.010, 0.380, 465, 
0.020, 0.527, 466, 
0.017, 0.489, 467, 
0.021, 0.630, 468, 
0.011, 0.234, 469, 
0.018, 0.386, 470, 
0.012, 0.364, 471, 
0.009, 0.487, 472, 
0.010, 0.414, 473, 
0.011, 0.323, 474, 
0.014, 0.510, 475, 
0.010, 0.416, 476, 
0.014, 0.526, 477, 
0.012, 0.453, 478, 
0.012, 0.468, 479, 
0.013, 0.453, 480, 
0.008, 0.244, 481, 
0.023, 0.404, 482, 
0.009, 0.494, 483, 
0.014, 0.446, 484, 
0.016, 0.427, 485, 
-0.002, 0.852, 486, 
0.005, 0.418, 487, 
0.019, 0.630, 488, 
0.011, 0.320, 489, 
0.009, 0.494, 490, 
0.023, 0.410, 491, 
0.013, 0.402, 492, 
0.009, 0.274, 493, 
0.008, 0.370, 494, 
0.019, 0.441, 495, 
0.006, 0.565, 496, 
0.015, 0.526, 497, 
0.016, 0.343, 498, 
0.011, 0.377, 499, 
0.009, 0.304, 500, 
0.011, 0.406, 501, 
0.006, 0.275, 502, 
0.033, 0.502, 503, 
0.006, 0.293, 504, 
0.018, 0.360, 505, 
0.012, 0.453, 506, 
0.012, 0.282, 507, 
0.032, 0.502, 508, 
0.017, 0.438, 509, 
0.005, 0.251, 510, 
0.005, 0.314, 511, 
0.010, 0.383, 512, 
0.014, 0.572, 513, 
0.014, 0.364, 514, 
0.011, 0.450, 515, 
0.013, 0.555, 516, 
0.005, 0.333, 517, 
0.011, 0.384, 518, 
0.008, 0.238, 519, 
0.012, 0.466, 520, 
0.014, 0.375, 521, 
0.015, 0.500, 522, 
0.011, 0.266, 523, 
0.018, 0.425, 524, 
0.009, 0.414, 525, 
0.008, 0.410, 526, 
0.010, 0.549, 527, 
0.010, 0.392, 528, 
0.015, 0.554, 529, 
0.006, 0.501, 530, 
0.016, 0.572, 531, 
0.011, 0.480, 532, 
0.015, 0.413, 533, 
0.005, 0.314, 534, 
0.012, 0.320, 535, 
0.018, 0.454, 536, 
0.017, 0.359, 537, 
0.018, 0.527, 538, 
0.013, 0.341, 539, 
0.009, 0.512, 540, 
0.005, 0.374, 541, 
0.008, 0.621, 542, 
0.020, 0.422, 543, 
0.006, 0.293, 544, 
0.021, 0.630, 545, 
0.013, 0.334, 546, 
0.011, 0.507, 547, 
0.010, 0.480, 548, 
0.018, 0.381, 549, 
0.008, 0.538, 550, 
0.008, 0.332, 551, 
0.011, 0.414, 552, 
0.010, 0.287, 553, 
0.031, 0.502, 554, 
0.009, 0.406, 555, 
0.007, 0.470, 556, 
0.004, 0.304, 557, 
0.011, 0.368, 558, 
0.012, 0.335, 559, 
0.015, 0.315, 560, 
0.022, 0.603, 561, 
0.017, 0.439, 562, 
0.010, 0.266, 563, 
0.018, 0.527, 564, 
0.005, 0.251, 565, 
0.006, 0.332, 566, 
0.017, 0.343, 567, 
0.006, 0.251, 568, 
0.016, 0.394, 569, 
0.019, 0.527, 570, 
0.009, 0.235, 571, 
0.021, 0.411, 572, 
0.014, 0.396, 573, 
0.006, 0.531, 574, 
0.006, 0.275, 575, 
0.018, 0.390, 576, 
0.018, 0.402, 577, 
0.008, 0.277, 578, 
0.019, 0.360, 579, 
0.013, 0.495, 580, 
0.014, 0.402, 581, 
0.013, 0.523, 582, 
0.009, 0.384, 583, 
0.017, 0.419, 584, 
0.017, 0.646, 585, 
0.011, 0.282, 586, 
0.012, 0.368, 587, 
0.006, 0.319, 588, 
0.007, 0.554, 589, 
0.016, 0.396, 590, 
0.023, 0.520, 591, 
0.019, 0.503, 592, 
0.012, 0.290, 593, 
0.007, 0.487, 594, 
0.029, 0.717, 595, 
0.009, 0.256, 596, 
0.014, 0.559, 597, 
0.023, 0.520, 598, 
0.014, 0.425, 599, 
0.016, 0.360, 600, 
0.021, 0.410, 601, 
0.017, 0.418, 602, 
0.008, 0.388, 603, 
0.007, 0.467, 604, 
0.019, 0.528, 605, 
0.014, 0.429, 606, 
0.009, 0.500, 607, 
0.007, 0.585, 608, 
0.019, 0.441, 609, 
0.012, 0.455, 610, 
0.019, 0.412, 611, 
0.015, 0.477, 612, 
0.018, 0.297, 613, 
0.005, 0.513, 614, 
0.012, 0.506, 615, 
0.020, 0.371, 616, 
0.013, 0.384, 617, 
0.010, 0.453, 618, 
0.018, 0.476, 619, 
0.007, 0.290, 620, 
0.005, 0.374, 621, 
0.010, 0.531, 622, 
0.020, 0.527, 623, 
0.010, 0.383, 624, 
0.010, 0.320, 625, 
0.008, 0.668, 626, 
0.019, 0.516, 627, 
0.009, 0.328, 628, 
0.009, 0.328, 629, 
0.018, 0.365, 630, 
0.012, 0.364, 631, 
0.004, 0.330, 632, 
0.007, 0.374, 633, 
0.013, 0.341, 634, 
0.006, 0.500, 635, 
0.017, 0.366, 636, 
0.007, 0.531, 637, 
0.016, 0.428, 638, 
0.019, 0.365, 639, 
0.010, 0.358, 640, 
0.011, 0.222, 641, 
0.012, 0.500, 642, 
0.008, 0.253, 643, 
0.017, 0.624, 644, 
0.018, 0.426, 645, 
0.013, 0.368, 646, 
0.009, 0.453, 647, 
0.021, 0.341, 648, 
0.012, 0.406, 649, 
0.014, 0.451, 650, 
0.008, 0.453, 651, 
0.006, 0.552, 652, 
0.008, 0.500, 653, 
0.013, 0.738, 654, 
0.009, 0.487, 655, 
0.012, 0.391, 656, 
0.021, 0.422, 657, 
0.019, 0.451, 658, 
0.009, 0.370, 659, 
0.016, 0.454, 660, 
0.013, 0.475, 661, 
0.004, 0.470, 662, 
0.014, 0.728, 663, 
0.021, 0.410, 664, 
0.025, 0.457, 665, 
0.008, 0.452, 666, 
0.015, 0.394, 667, 
0.020, 0.358, 668, 
0.017, 0.436, 669, 
0.005, 0.564, 670, 
0.009, 0.293, 671, 
0.017, 0.431, 672, 
0.017, 0.602, 673, 
0.017, 0.544, 674, 
0.018, 0.531, 675, 
0.011, 0.234, 676, 
0.021, 0.410, 677, 
0.010, 0.467, 678, 
0.010, 0.738, 679, 
0.008, 0.290, 680, 
0.019, 0.526, 681, 
0.013, 0.453, 682, 
0.019, 0.517, 683, 
0.013, 0.404, 684, 
0.011, 0.338, 685, 
0.022, 0.477, 686, 
0.008, 0.304, 687, 
0.007, 0.388, 688, 
0.019, 0.358, 689, 
0.008, 0.370, 690, 
0.008, 0.277, 691, 
0.009, 0.344, 692, 
0.002, 0.317, 693, 
0.015, 0.505, 694, 
0.021, 0.488, 695, 
0.016, 0.747, 696, 
0.015, 0.358, 697, 
0.029, 0.457, 698, 
0.010, 0.353, 699, 
0.023, 0.411, 700, 
0.008, 0.454, 701, 
0.006, 0.739, 702, 
0.011, 0.380, 703, 
0.004, 0.445, 704, 
0.007, 0.467, 705, 
0.014, 0.726, 706, 
0.024, 0.791, 707, 
0.019, 0.505, 708, 
0.007, 0.379, 709, 
0.014, 0.489, 710, 
0.000, 0.317, 711, 
0.016, 0.394, 712, 
0.013, 0.323, 713, 
0.019, 0.477, 714, 
0.016, 0.366, 715, 
0.017, 0.475, 716, 
0.024, 0.404, 717, 
0.020, 0.441, 718, 
0.008, 0.392, 719, 
0.012, 0.366, 720, 
0.015, 0.470, 721, 
0.006, 0.333, 722, 
0.017, 0.438, 723, 
0.006, 0.505, 724, 
0.020, 0.677, 725, 
0.007, 0.559, 726, 
0.006, 0.327, 727, 
0.004, 0.668, 728, 
0.013, 0.453, 729, 
0.012, 0.293, 730, 
0.012, 0.537, 731, 
0.010, 0.243, 732, 
0.011, 0.287, 733, 
0.007, 0.293, 734, 
0.013, 0.611, 735, 
0.012, 0.582, 736, 
0.017, 0.531, 737, 
0.022, 0.603, 738, 
0.007, 0.477, 739, 
0.011, 0.364, 740, 
0.011, 0.450, 741, 
0.006, 0.467, 742, 
0.013, 0.233, 743, 
0.010, 0.391, 744, 
0.009, 0.388, 745, 
0.008, 0.326, 746, 
0.005, 0.323, 747, 
0.011, 0.353, 748, 
0.005, 0.319, 749, 
0.012, 0.410, 750, 
0.022, 0.496, 751, 
0.014, 0.625, 752, 
0.016, 0.420, 753, 
0.011, 0.458, 754, 
0.009, 0.384, 755, 
0.004, 0.410, 756, 
0.009, 0.477, 757, 
0.010, 0.931, 758, 
0.007, 0.253, 759, 
