mean,std,episode,x
0.000, 0.333,  2, 
0.000, 0.367,  3, 
0.010, 0.725,  4, 
0.006, 0.418,  5, 
-0.002, 0.388,  6, 
-0.003, 0.541,  7, 
-0.008, 0.750,  8, 
0.015, 0.630,  9, 
-0.003, 0.501,  10, 
0.019, 0.554,  11, 
-0.006, 0.478,  12, 
-0.003, 0.504,  13, 
-0.001, 0.363,  14, 
-0.002, 0.449,  15, 
0.001, 0.326,  16, 
0.003, 0.449,  17, 
-0.002, 0.469,  18, 
0.001, 0.253,  19, 
-0.002, 0.292,  20, 
0.007, 0.471,  21, 
0.003, 0.463,  22, 
0.000, 0.383,  23, 
0.018, 0.632,  24, 
-0.009, 0.466,  25, 
0.003, 0.417,  26, 
0.002, 0.365,  27, 
0.001, 0.406,  28, 
-0.005, 0.358,  29, 
-0.011, 0.413,  30, 
0.000, 0.414,  31, 
-0.008, 0.415,  32, 
-0.003, 0.441,  33, 
-0.008, 0.495,  34, 
0.005, 0.584,  35, 
0.007, 0.587,  36, 
0.012, 0.554,  37, 
-0.004, 0.447,  38, 
0.016, 0.538,  39, 
0.004, 0.274,  40, 
0.007, 0.411,  41, 
-0.005, 0.314,  42, 
-0.008, 0.274,  43, 
-0.004, 0.422,  44, 
0.008, 0.389,  45, 
-0.002, 0.275,  46, 
-0.001, 0.455,  47, 
0.005, 0.395,  48, 
-0.000, 0.238,  49, 
0.004, 0.411,  50, 
0.001, 0.401,  51, 
0.000, 0.343,  52, 
-0.007, 0.431,  53, 
-0.002, 0.233,  54, 
0.003, 0.378,  55, 
0.002, 0.320,  56, 
-0.007, 0.292,  57, 
-0.000, 0.290,  58, 
0.007, 0.393,  59, 
0.007, 0.313,  60, 
-0.002, 0.313,  61, 
-0.013, 0.484,  62, 
0.004, 0.320,  63, 
-0.002, 0.419,  64, 
-0.001, 0.551,  65, 
0.007, 0.432,  66, 
-0.014, 0.447,  67, 
-0.015, 0.563,  68, 
-0.005, 0.477,  69, 
0.012, 0.542,  70, 
0.004, 0.339,  71, 
-0.002, 0.256,  72, 
-0.006, 0.393,  73, 
-0.008, 0.391,  74, 
-0.007, 0.389,  75, 
0.016, 0.526,  76, 
-0.001, 0.505,  77, 
0.005, 0.377,  78, 
0.003, 0.497,  79, 
0.005, 0.235,  80, 
-0.002, 0.770,  81, 
-0.004, 0.407,  82, 
-0.008, 0.376,  83, 
-0.004, 0.270,  84, 
0.000, 0.315,  85, 
0.014, 0.552,  86, 
0.005, 0.490,  87, 
-0.001, 0.472,  88, 
0.001, 0.566,  89, 
0.002, 0.517,  90, 
0.013, 0.736,  91, 
0.011, 0.335,  92, 
-0.002, 0.335,  93, 
-0.000, 0.540,  94, 
-0.006, 0.406,  95, 
-0.011, 0.533,  96, 
-0.008, 0.512,  97, 
0.001, 0.586,  98, 
0.008, 0.428,  99, 
0.028, 0.900,  100, 
0.001, 0.270,  101, 
-0.002, 0.459,  102, 
0.005, 0.671,  103, 
0.001, 0.321,  104, 
0.001, 0.316,  105, 
-0.007, 0.545,  106, 
0.013, 0.314,  107, 
-0.001, 0.544,  108, 
0.003, 0.235,  109, 
-0.003, 0.244,  110, 
0.023, 0.506,  111, 
0.003, 0.335,  112, 
0.009, 0.323,  113, 
0.002, 0.384,  114, 
0.001, 0.415,  115, 
-0.006, 0.685,  116, 
0.001, 0.413,  117, 
0.015, 0.393,  118, 
0.005, 0.394,  119, 
-0.002, 0.401,  120, 
0.003, 0.275,  121, 
0.011, 0.343,  122, 
0.006, 0.428,  123, 
0.012, 0.413,  124, 
0.015, 0.489,  125, 
-0.004, 0.286,  126, 
0.003, 0.262,  127, 
0.006, 0.497,  128, 
0.022, 0.365,  129, 
0.013, 0.531,  130, 
0.004, 0.484,  131, 
0.009, 0.340,  132, 
0.004, 0.531,  133, 
0.004, 0.481,  134, 
0.007, 0.308,  135, 
0.011, 0.441,  136, 
0.011, 0.506,  137, 
0.015, 0.698,  138, 
0.004, 0.517,  139, 
0.013, 0.513,  140, 
0.005, 0.411,  141, 
0.002, 0.441,  142, 
0.008, 0.312,  143, 
0.012, 0.403,  144, 
0.001, 0.421,  145, 
0.007, 0.377,  146, 
0.005, 0.286,  147, 
0.005, 0.495,  148, 
-0.027, 0.903,  149, 
0.014, 0.473,  150, 
0.010, 0.366,  151, 
-0.003, 0.903,  152, 
0.009, 0.391,  153, 
0.014, 0.477,  154, 
0.008, 0.386,  155, 
0.010, 0.315,  156, 
0.021, 0.390,  157, 
0.010, 0.716,  158, 
0.017, 0.457,  159, 
0.008, 0.927,  160, 
0.005, 0.476,  161, 
0.004, 0.377,  162, 
0.001, 0.410,  163, 
0.012, 0.590,  164, 
0.008, 0.348,  165, 
0.006, 0.333,  166, 
0.011, 0.359,  167, 
0.020, 0.543,  168, 
0.008, 0.368,  169, 
0.005, 0.290,  170, 
0.009, 0.414,  171, 
0.002, 0.456,  172, 
0.004, 0.391,  173, 
0.015, 0.383,  174, 
0.013, 0.366,  175, 
0.001, 0.391,  176, 
0.012, 0.406,  177, 
0.012, 0.366,  178, 
0.005, 0.234,  179, 
0.016, 0.506,  180, 
0.009, 0.226,  181, 
0.015, 0.384,  182, 
0.002, 0.359,  183, 
0.003, 0.290,  184, 
0.020, 0.541,  185, 
0.013, 0.617,  186, 
0.008, 0.287,  187, 
0.004, 0.233,  188, 
0.016, 0.426,  189, 
0.011, 0.451,  190, 
0.010, 0.421,  191, 
0.018, 0.527,  192, 
0.004, 0.477,  193, 
0.007, 0.234,  194, 
0.010, 0.429,  195, 
0.009, 0.418,  196, 
0.009, 0.418,  197, 
0.011, 0.506,  198, 
0.009, 0.531,  199, 
0.014, 0.291,  200, 
0.011, 0.388,  201, 
0.014, 0.340,  202, 
0.019, 0.416,  203, 
0.020, 0.503,  204, 
0.009, 0.341,  205, 
0.012, 0.440,  206, 
0.006, 0.243,  207, 
0.005, 0.380,  208, 
0.015, 0.619,  209, 
0.011, 0.568,  210, 
0.007, 0.353,  211, 
0.009, 0.400,  212, 
0.012, 0.497,  213, 
0.008, 0.226,  214, 
0.028, 0.541,  215, 
0.020, 0.404,  216, 
0.014, 0.418,  217, 
0.015, 0.413,  218, 
0.014, 0.527,  219, 
0.007, 0.243,  220, 
0.020, 0.498,  221, 
0.009, 0.549,  222, 
0.007, 0.243,  223, 
0.030, 0.481,  224, 
0.013, 0.468,  225, 
0.000, 0.445,  226, 
0.012, 0.526,  227, 
0.011, 0.396,  228, 
0.011, 0.577,  229, 
0.017, 0.290,  230, 
0.016, 0.291,  231, 
0.009, 0.410,  232, 
0.012, 0.453,  233, 
0.015, 0.314,  234, 
0.014, 0.412,  235, 
0.019, 0.341,  236, 
0.014, 0.420,  237, 
0.005, 0.378,  238, 
0.014, 0.451,  239, 
0.008, 0.445,  240, 
0.010, 0.335,  241, 
0.025, 0.484,  242, 
0.017, 0.386,  243, 
0.005, 0.333,  244, 
0.018, 0.526,  245, 
0.014, 0.931,  246, 
0.017, 0.478,  247, 
0.012, 0.447,  248, 
0.008, 0.261,  249, 
0.006, 0.330,  250, 
0.020, 0.544,  251, 
0.020, 0.477,  252, 
0.008, 0.270,  253, 
0.015, 0.631,  254, 
0.028, 0.717,  255, 
0.016, 0.422,  256, 
0.005, 0.364,  257, 
0.011, 0.402,  258, 
0.018, 0.290,  259, 
0.010, 0.384,  260, 
0.011, 0.455,  261, 
0.005, 0.725,  262, 
0.023, 0.527,  263, 
0.018, 0.457,  264, 
0.015, 0.585,  265, 
0.013, 0.340,  266, 
0.005, 0.277,  267, 
0.010, 0.326,  268, 
0.012, 0.305,  269, 
0.013, 0.453,  270, 
0.009, 0.510,  271, 
0.010, 0.293,  272, 
-0.000, 0.844,  273, 
0.012, 0.275,  274, 
0.007, 0.498,  275, 
0.018, 0.728,  276, 
0.015, 0.602,  277, 
0.017, 0.343,  278, 
0.006, 0.328,  279, 
0.015, 0.233,  280, 
0.013, 0.572,  281, 
0.007, 0.364,  282, 
0.019, 0.358,  283, 
0.006, 0.622,  284, 
0.014, 0.453,  285, 
0.008, 0.473,  286, 
0.016, 0.523,  287, 
0.021, 0.402,  288, 
0.008, 0.244,  289, 
0.009, 0.370,  290, 
0.008, 0.467,  291, 
0.030, 0.717,  292, 
0.008, 0.277,  293, 
0.006, 0.277,  294, 
0.007, 0.472,  295, 
0.010, 0.500,  296, 
0.004, 0.368,  297, 
0.021, 0.365,  298, 
0.011, 0.335,  299, 
0.016, 0.602,  300, 
0.004, 0.739,  301, 
0.011, 0.426,  302, 
0.014, 0.233,  303, 
0.024, 0.457,  304, 
0.017, 0.447,  305, 
0.020, 0.410,  306, 
0.017, 0.478,  307, 
0.008, 0.233,  308, 
0.004, 0.323,  309, 
0.019, 0.431,  310, 
0.008, 0.552,  311, 
0.018, 0.527,  312, 
0.016, 0.451,  313, 
0.015, 0.531,  314, 
0.006, 0.690,  315, 
0.013, 0.314,  316, 
0.011, 0.314,  317, 
0.010, 0.384,  318, 
0.006, 0.333,  319, 
0.015, 0.451,  320, 
0.013, 0.396,  321, 
0.005, 0.293,  322, 
0.017, 0.477,  323, 
0.006, 0.332,  324, 
0.016, 0.391,  325, 
0.008, 0.353,  326, 
0.013, 0.266,  327, 
0.018, 0.424,  328, 
0.017, 0.446,  329, 
0.009, 0.554,  330, 
0.007, 0.287,  331, 
0.015, 0.451,  332, 
0.014, 0.453,  333, 
0.029, 0.767,  334, 
0.012, 0.690,  335, 
0.015, 0.728,  336, 
0.006, 0.374,  337, 
0.006, 0.256,  338, 
0.018, 0.488,  339, 
0.017, 0.647,  340, 
0.020, 0.421,  341, 
0.007, 0.477,  342, 
0.021, 0.410,  343, 
0.012, 0.325,  344, 
0.014, 0.428,  345, 
0.006, 0.474,  346, 
0.005, 0.418,  347, 
0.014, 0.418,  348, 
0.027, 0.547,  349, 
0.013, 0.364,  350, 
0.012, 0.390,  351, 
0.006, 0.266,  352, 
0.011, 0.320,  353, 
0.015, 0.510,  354, 
0.004, 0.330,  355, 
0.017, 0.366,  356, 
0.010, 0.321,  357, 
0.017, 0.436,  358, 
0.011, 0.455,  359, 
0.013, 0.579,  360, 
-0.004, 0.851,  361, 
0.015, 0.416,  362, 
0.007, 0.308,  363, 
0.005, 0.564,  364, 
0.007, 0.552,  365, 
0.014, 0.280,  366, 
0.013, 0.477,  367, 
0.018, 0.371,  368, 
0.009, 0.403,  369, 
0.027, 0.457,  370, 
0.010, 0.326,  371, 
0.012, 0.358,  372, 
0.021, 0.441,  373, 
0.009, 0.554,  374, 
0.010, 0.377,  375, 
0.004, 0.564,  376, 
0.018, 0.527,  377, 
0.016, 0.587,  378, 
0.024, 0.577,  379, 
0.012, 0.453,  380, 
0.015, 0.416,  381, 
0.019, 0.470,  382, 
0.011, 0.410,  383, 
0.007, 0.403,  384, 
0.016, 0.419,  385, 
0.005, 0.251,  386, 
0.020, 0.496,  387, 
0.018, 0.385,  388, 
0.027, 0.541,  389, 
0.011, 0.390,  390, 
0.016, 0.359,  391, 
0.008, 0.244,  392, 
0.009, 0.498,  393, 
0.005, 0.251,  394, 
0.022, 0.410,  395, 
0.016, 0.440,  396, 
0.026, 0.541,  397, 
0.013, 0.477,  398, 
0.009, 0.450,  399, 
0.024, 0.484,  400, 
0.011, 0.366,  401, 
0.011, 0.585,  402, 
0.013, 0.266,  403, 
0.016, 0.488,  404, 
0.017, 0.554,  405, 
0.014, 0.402,  406, 
0.007, 0.308,  407, 
0.013, 0.585,  408, 
0.014, 0.411,  409, 
0.010, 0.326,  410, 
0.020, 0.496,  411, 
0.009, 0.256,  412, 
0.008, 0.222,  413, 
0.008, 0.494,  414, 
0.009, 0.384,  415, 
0.009, 0.327,  416, 
0.014, 0.414,  417, 
0.021, 0.352,  418, 
0.012, 0.340,  419, 
0.013, 0.402,  420, 
0.021, 0.503,  421, 
0.010, 0.698,  422, 
0.023, 0.404,  423, 
0.010, 0.389,  424, 
0.009, 0.316,  425, 
0.012, 0.368,  426, 
0.019, 0.381,  427, 
0.016, 0.524,  428, 
0.031, 0.502,  429, 
0.008, 0.290,  430, 
0.012, 0.585,  431, 
0.018, 0.364,  432, 
0.002, 0.398,  433, 
0.015, 0.647,  434, 
0.019, 0.365,  435, 
0.016, 0.728,  436, 
0.007, 0.266,  437, 
0.011, 0.400,  438, 
0.015, 0.447,  439, 
0.016, 0.931,  440, 
0.019, 0.403,  441, 
0.012, 0.641,  442, 
0.009, 0.410,  443, 
0.012, 0.697,  444, 
0.009, 0.328,  445, 
0.009, 0.506,  446, 
0.014, 0.425,  447, 
0.008, 0.513,  448, 
0.019, 0.544,  449, 
0.018, 0.386,  450, 
0.010, 0.314,  451, 
0.016, 0.486,  452, 
0.014, 0.475,  453, 
0.009, 0.243,  454, 
0.008, 0.244,  455, 
0.006, 0.348,  456, 
0.011, 0.320,  457, 
0.010, 0.500,  458, 
0.011, 0.327,  459, 
0.007, 0.253,  460, 
0.011, 0.555,  461, 
0.013, 0.314,  462, 
0.010, 0.380,  463, 
0.006, 0.552,  464, 
0.023, 0.404,  465, 
0.006, 0.333,  466, 
0.012, 0.333,  467, 
0.011, 0.453,  468, 
0.009, 0.316,  469, 
0.011, 0.512,  470, 
0.007, 0.328,  471, 
0.014, 0.420,  472, 
0.016, 0.625,  473, 
0.022, 0.520,  474, 
0.008, 0.256,  475, 
-0.001, 0.850,  476, 
0.015, 0.410,  477, 
0.014, 0.233,  478, 
0.010, 0.512,  479, 
0.014, 0.568,  480, 
0.007, 0.328,  481, 
0.015, 0.427,  482, 
0.002, 0.398,  483, 
0.012, 0.333,  484, 
-0.003, 0.850,  485, 
0.015, 0.315,  486, 
0.008, 0.577,  487, 
0.004, 0.668,  488, 
0.017, 0.424,  489, 
0.017, 0.413,  490, 
0.010, 0.293,  491, 
0.019, 0.528,  492, 
0.014, 0.372,  493, 
0.013, 0.410,  494, 
0.014, 0.537,  495, 
0.010, 0.270,  496, 
0.024, 0.404,  497, 
0.018, 0.486,  498, 
0.019, 0.290,  499, 
0.017, 0.359,  500, 
0.005, 0.445,  501, 
0.016, 0.531,  502, 
0.005, 0.359,  503, 
0.010, 0.314,  504, 
0.017, 0.394,  505, 
0.017, 0.366,  506, 
0.009, 0.500,  507, 
0.015, 0.429,  508, 
0.015, 0.475,  509, 
0.010, 0.472,  510, 
0.017, 0.440,  511, 
0.018, 0.402,  512, 
0.021, 0.503,  513, 
0.013, 0.402,  514, 
0.014, 0.393,  515, 
0.007, 0.266,  516, 
0.015, 0.414,  517, 
0.006, 0.344,  518, 
0.016, 0.498,  519, 
0.013, 0.358,  520, 
0.019, 0.790,  521, 
0.016, 0.747,  522, 
0.007, 0.552,  523, 
0.008, 0.348,  524, 
0.011, 0.410,  525, 
0.014, 0.420,  526, 
0.016, 0.524,  527, 
0.011, 0.494,  528, 
0.018, 0.297,  529, 
0.018, 0.587,  530, 
0.013, 0.410,  531, 
0.012, 0.314,  532, 
0.007, 0.374,  533, 
0.013, 0.468,  534, 
0.011, 0.498,  535, 
0.016, 0.524,  536, 
0.014, 0.402,  537, 
0.011, 0.549,  538, 
0.018, 0.357,  539, 
0.015, 0.470,  540, 
0.015, 0.334,  541, 
0.006, 0.348,  542, 
0.017, 0.451,  543, 
0.009, 0.235,  544, 
0.011, 0.421,  545, 
0.020, 0.411,  546, 
0.014, 0.315,  547, 
0.018, 0.385,  548, 
0.011, 0.498,  549, 
0.006, 0.552,  550, 
0.010, 0.406,  551, 
0.009, 0.487,  552, 
0.015, 0.414,  553, 
0.010, 0.293,  554, 
0.014, 0.366,  555, 
0.008, 0.467,  556, 
0.012, 0.358,  557, 
0.012, 0.619,  558, 
0.015, 0.436,  559, 
0.010, 0.321,  560, 
0.011, 0.549,  561, 
0.017, 0.437,  562, 
0.012, 0.728,  563, 
0.009, 0.328,  564, 
0.017, 0.498,  565, 
0.014, 0.233,  566, 
0.012, 0.340,  567, 
0.010, 0.282,  568, 
0.020, 0.477,  569, 
0.008, 0.577,  570, 
0.005, 0.359,  571, 
0.019, 0.421,  572, 
0.011, 0.293,  573, 
0.011, 0.266,  574, 
0.012, 0.340,  575, 
0.018, 0.403,  576, 
0.018, 0.421,  577, 
0.014, 0.420,  578, 
0.015, 0.411,  579, 
0.019, 0.290,  580, 
0.017, 0.541,  581, 
0.008, 0.379,  582, 
0.008, 0.501,  583, 
0.014, 0.420,  584, 
0.013, 0.320,  585, 
0.011, 0.368,  586, 
0.015, 0.475,  587, 
0.018, 0.462,  588, 
0.008, 0.510,  589, 
0.013, 0.393,  590, 
0.018, 0.426,  591, 
0.012, 0.358,  592, 
0.018, 0.457,  593, 
0.011, 0.389,  594, 
0.006, 0.531,  595, 
0.010, 0.383,  596, 
0.005, 0.418,  597, 
0.014, 0.384,  598, 
0.029, 0.767,  599, 
0.019, 0.290,  600, 
0.020, 0.509,  601, 
0.024, 0.404,  602, 
0.012, 0.358,  603, 
0.009, 0.226,  604, 
0.011, 0.472,  605, 
0.015, 0.233,  606, 
0.011, 0.410,  607, 
0.015, 0.451,  608, 
0.012, 0.324,  609, 
0.010, 0.266,  610, 
0.015, 0.436,  611, 
0.012, 0.468,  612, 
0.020, 0.790,  613, 
0.017, 0.486,  614, 
0.007, 0.290,  615, 
0.010, 0.396,  616, 
0.022, 0.577,  617, 
0.011, 0.421,  618, 
0.018, 0.457,  619, 
0.015, 0.524,  620, 
0.010, 0.388,  621, 
0.032, 0.502,  622, 
0.010, 0.270,  623, 
0.012, 0.549,  624, 
0.005, 0.359,  625, 
0.005, 0.368,  626, 
0.009, 0.222,  627, 
0.030, 0.767,  628, 
0.018, 0.381,  629, 
0.014, 0.391,  630, 
0.012, 0.454,  631, 
0.009, 0.335,  632, 
0.009, 0.454,  633, 
0.019, 0.426,  634, 
0.007, 0.552,  635, 
0.017, 0.391,  636, 
0.017, 0.366,  637, 
0.019, 0.457,  638, 
0.010, 0.621,  639, 
0.021, 0.341,  640, 
0.011, 0.480,  641, 
0.008, 0.379,  642, 
0.013, 0.358,  643, 
0.013, 0.384,  644, 
0.012, 0.574,  645, 
0.010, 0.327,  646, 
0.017, 0.427,  647, 
0.015, 0.372,  648, 
0.019, 0.381,  649, 
0.013, 0.266,  650, 
0.006, 0.739,  651, 
0.017, 0.527,  652, 
0.016, 0.486,  653, 
0.009, 0.384,  654, 
0.008, 0.726,  655, 
0.011, 0.512,  656, 
0.009, 0.287,  657, 
-0.002, 0.851,  658, 
0.006, 0.266,  659, 
0.004, 0.330,  660, 
0.009, 0.621,  661, 
0.021, 0.410,  662, 
0.010, 0.335,  663, 
0.009, 0.233,  664, 
0.007, 0.552,  665, 
0.007, 0.313,  666, 
0.019, 0.527,  667, 
0.012, 0.498,  668, 
0.008, 0.290,  669, 
0.003, 0.398,  670, 
0.003, 0.398,  671, 
0.014, 0.510,  672, 
0.013, 0.579,  673, 
0.016, 0.427,  674, 
0.012, 0.555,  675, 
0.010, 0.426,  676, 
0.016, 0.524,  677, 
0.018, 0.426,  678, 
0.007, 0.344,  679, 
0.012, 0.333,  680, 
0.002, 0.398,  681, 
0.010, 0.690,  682, 
0.008, 0.328,  683, 
0.009, 0.235,  684, 
0.005, 0.333,  685, 
0.004, 0.418,  686, 
0.009, 0.388,  687, 
0.013, 0.291,  688, 
0.006, 0.554,  689, 
0.003, 0.330,  690, 
0.018, 0.360,  691, 
0.012, 0.338,  692, 
0.018, 0.451,  693, 
0.015, 0.494,  694, 
0.011, 0.366,  695, 
0.007, 0.238,  696, 
0.009, 0.494,  697, 
0.011, 0.282,  698, 
0.013, 0.499,  699, 
0.009, 0.293,  700, 
0.003, 0.512,  701, 
0.009, 0.506,  702, 
0.020, 0.790,  703, 
0.018, 0.544,  704, 
0.032, 0.502,  705, 
0.013, 0.266,  706, 
0.021, 0.352,  707, 
0.015, 0.334,  708, 
0.013, 0.554,  709, 
0.014, 0.477,  710, 
0.030, 0.768,  711, 
0.006, 0.319,  712, 
0.013, 0.537,  713, 
0.008, 0.470,  714, 
0.009, 0.496,  715, 
0.011, 0.472,  716, 
0.007, 0.410,  717, 
0.023, 0.404,  718, 
0.007, 0.308,  719, 
0.012, 0.305,  720, 
0.014, 0.418,  721, 
0.005, 0.323,  722, 
0.015, 0.372,  723, 
0.006, 0.374,  724, 
0.015, 0.475,  725, 
0.004, 0.896,  726, 
0.012, 0.400,  727, 
0.014, 0.747,  728, 
0.007, 0.348,  729, 
0.011, 0.454,  730, 
0.009, 0.261,  731, 
0.007, 0.552,  732, 
0.017, 0.418,  733, 
0.010, 0.327,  734, 
0.014, 0.291,  735, 
0.011, 0.549,  736, 
0.011, 0.234,  737, 
0.018, 0.402,  738, 
0.008, 0.494,  739, 
0.021, 0.410,  740, 
0.014, 0.477,  741, 
0.012, 0.698,  742, 
0.010, 0.290,  743, 
0.012, 0.333,  744, 
0.020, 0.496,  745, 
0.019, 0.488,  746, 
0.006, 0.374,  747, 
0.027, 0.541,  748, 
0.016, 0.498,  749, 
0.006, 0.274,  750, 
0.015, 0.646,  751, 
0.013, 0.641,  752, 
0.020, 0.610,  753, 
0.012, 0.396,  754, 
0.010, 0.406,  755, 
0.004, 0.304,  756, 
0.012, 0.499,  757, 
0.007, 0.505,  758, 
0.019, 0.509,  759, 
0.019, 0.630,  760, 
0.016, 0.470,  761, 
0.023, 0.404,  762, 
0.011, 0.320,  763, 
0.012, 0.351,  764, 
0.012, 0.358,  765, 
0.009, 0.370,  766, 
0.010, 0.336,  767, 
0.011, 0.320,  768, 
0.018, 0.431,  769, 
0.004, 0.512,  770, 
0.009, 0.378,  771, 
0.013, 0.396,  772, 
0.018, 0.451,  773, 
0.009, 0.226,  774, 
0.021, 0.352,  775, 
0.011, 0.340,  776, 
0.009, 0.726,  777, 
0.010, 0.287,  778, 
0.010, 0.582,  779, 
0.014, 0.587,  780, 
0.016, 0.717,  781, 
