mean,std,episode,x
-0.022, 0.770, 1, 
-0.001, 0.967, 2, 
-0.030, 1.162, 3, 
-0.014, 1.058, 4, 
0.015, 0.715, 5, 
0.026, 1.168, 6, 
0.027, 1.519, 7, 
-0.016, 0.984, 8, 
-0.009, 0.750, 9, 
0.011, 1.024, 10, 
0.006, 0.586, 11, 
-0.021, 1.132, 12, 
0.001, 0.795, 13, 
0.005, 0.679, 14, 
0.007, 1.098, 15, 
-0.000, 1.025, 16, 
0.002, 1.162, 17, 
0.025, 1.060, 18, 
0.020, 1.111, 19, 
0.016, 1.002, 20, 
0.013, 0.777, 21, 
0.012, 0.671, 22, 
0.014, 0.798, 23, 
0.002, 1.110, 24, 
0.018, 0.926, 25, 
0.007, 1.045, 26, 
0.021, 1.077, 27, 
-0.040, 0.861, 28, 
0.019, 1.173, 29, 
-0.005, 0.932, 30, 
0.026, 0.986, 31, 
0.040, 1.096, 32, 
0.019, 0.840, 33, 
0.007, 1.582, 34, 
0.004, 0.673, 35, 
-0.008, 1.016, 36, 
-0.007, 0.957, 37, 
0.040, 0.835, 38, 
0.017, 0.721, 39, 
0.013, 1.421, 40, 
0.010, 1.060, 41, 
0.018, 1.481, 42, 
0.024, 0.935, 43, 
0.029, 0.731, 44, 
0.002, 0.755, 45, 
0.006, 0.822, 46, 
0.019, 0.862, 47, 
0.008, 0.625, 48, 
0.009, 0.830, 49, 
-0.003, 0.708, 50, 
0.004, 1.152, 51, 
0.018, 0.693, 52, 
0.043, 0.714, 53, 
0.012, 1.076, 54, 
0.033, 1.296, 55, 
0.003, 0.859, 56, 
0.059, 1.403, 57, 
0.027, 1.042, 58, 
0.016, 0.546, 59, 
0.038, 0.762, 60, 
0.012, 0.791, 61, 
0.024, 0.842, 62, 
0.051, 1.121, 63, 
0.020, 0.713, 64, 
0.054, 1.173, 65, 
0.055, 1.122, 66, 
-0.004, 1.038, 67, 
0.020, 0.891, 68, 
0.028, 0.709, 69, 
0.021, 0.718, 70, 
0.024, 0.847, 71, 
0.003, 0.868, 72, 
0.030, 0.975, 73, 
0.031, 0.960, 74, 
0.013, 1.240, 75, 
-0.007, 1.257, 76, 
0.032, 0.959, 77, 
0.057, 1.608, 78, 
0.027, 1.651, 79, 
0.006, 0.931, 80, 
0.017, 0.790, 81, 
0.019, 0.975, 82, 
0.017, 0.919, 83, 
0.017, 1.330, 84, 
0.033, 0.853, 85, 
0.009, 1.167, 86, 
0.012, 1.198, 87, 
0.009, 0.598, 88, 
0.034, 0.718, 89, 
-0.006, 0.964, 90, 
0.018, 0.859, 91, 
0.040, 0.944, 92, 
0.019, 1.238, 93, 
-0.005, 1.693, 94, 
0.038, 0.909, 95, 
0.021, 1.031, 96, 
0.044, 1.261, 97, 
0.024, 1.431, 98, 
0.021, 1.223, 99, 
0.020, 1.155, 100, 
0.038, 0.677, 101, 
0.016, 1.113, 102, 
0.022, 0.795, 103, 
0.029, 0.826, 104, 
0.019, 1.020, 105, 
0.022, 0.772, 106, 
0.025, 0.923, 107, 
0.028, 0.799, 108, 
0.023, 0.824, 109, 
0.027, 1.252, 110, 
0.040, 1.959, 111, 
0.037, 1.288, 112, 
0.061, 1.335, 113, 
0.032, 1.103, 114, 
0.025, 1.011, 115, 
0.027, 0.724, 116, 
0.027, 1.234, 117, 
0.022, 0.899, 118, 
0.016, 1.821, 119, 
0.024, 0.785, 120, 
0.034, 1.018, 121, 
0.049, 1.013, 122, 
0.023, 0.557, 123, 
0.044, 0.877, 124, 
0.022, 1.220, 125, 
0.047, 0.860, 126, 
0.045, 1.275, 127, 
0.034, 0.972, 128, 
0.012, 1.360, 129, 
0.042, 1.537, 130, 
0.013, 0.909, 131, 
0.021, 0.713, 132, 
0.030, 0.796, 133, 
0.014, 0.586, 134, 
0.064, 1.006, 135, 
0.022, 1.250, 136, 
-0.007, 2.079, 137, 
0.049, 1.010, 138, 
0.023, 1.017, 139, 
0.070, 1.225, 140, 
0.037, 1.853, 141, 
0.028, 0.901, 142, 
0.033, 0.974, 143, 
0.037, 1.110, 144, 
0.046, 0.990, 145, 
0.040, 1.034, 146, 
0.045, 1.126, 147, 
0.038, 1.032, 148, 
0.050, 1.260, 149, 
0.045, 0.718, 150, 
0.043, 1.425, 151, 
0.044, 0.902, 152, 
0.041, 1.257, 153, 
0.031, 1.257, 154, 
0.044, 0.910, 155, 
0.024, 0.753, 156, 
0.032, 1.129, 157, 
0.053, 0.846, 158, 
0.031, 0.991, 159, 
0.047, 1.230, 160, 
0.032, 0.660, 161, 
0.009, 0.877, 162, 
0.005, 0.990, 163, 
0.014, 0.623, 164, 
0.045, 1.137, 165, 
0.036, 0.785, 166, 
0.032, 0.781, 167, 
0.032, 1.312, 168, 
0.035, 0.924, 169, 
0.033, 0.663, 170, 
0.023, 1.274, 171, 
0.044, 1.346, 172, 
0.036, 1.864, 173, 
0.031, 0.973, 174, 
0.028, 1.226, 175, 
0.077, 1.789, 176, 
0.054, 1.970, 177, 
0.021, 0.562, 178, 
0.045, 1.030, 179, 
0.045, 1.346, 180, 
0.028, 0.809, 181, 
0.016, 0.812, 182, 
0.030, 0.660, 183, 
0.009, 0.782, 184, 
0.041, 1.480, 185, 
0.055, 1.247, 186, 
0.011, 1.109, 187, 
0.018, 1.172, 188, 
0.049, 1.149, 189, 
0.030, 1.128, 190, 
0.020, 0.877, 191, 
0.023, 0.941, 192, 
0.042, 0.907, 193, 
0.042, 1.500, 194, 
0.009, 0.787, 195, 
0.020, 0.942, 196, 
0.028, 1.332, 197, 
0.025, 0.661, 198, 
0.045, 0.957, 199, 
0.031, 1.164, 200, 
0.046, 0.982, 201, 
0.028, 0.811, 202, 
0.027, 0.697, 203, 
0.014, 0.784, 204, 
0.027, 0.845, 205, 
0.013, 0.658, 206, 
0.036, 1.095, 207, 
0.035, 0.906, 208, 
0.047, 0.943, 209, 
0.024, 0.809, 210, 
0.045, 0.890, 211, 
0.030, 1.374, 212, 
0.014, 0.766, 213, 
0.032, 0.775, 214, 
0.026, 1.123, 215, 
0.023, 0.775, 216, 
0.026, 1.737, 217, 
0.010, 0.619, 218, 
0.007, 0.994, 219, 
0.024, 0.971, 220, 
0.024, 1.226, 221, 
0.032, 1.114, 222, 
0.029, 0.912, 223, 
0.012, 0.914, 224, 
0.032, 1.021, 225, 
0.023, 0.784, 226, 
0.020, 1.341, 227, 
0.034, 0.800, 228, 
0.019, 0.594, 229, 
0.019, 1.024, 230, 
0.050, 1.189, 231, 
0.024, 0.838, 232, 
0.019, 0.913, 233, 
0.042, 0.895, 234, 
0.031, 0.810, 235, 
0.016, 1.383, 236, 
0.027, 0.974, 237, 
0.046, 1.127, 238, 
0.025, 0.785, 239, 
0.027, 1.724, 240, 
0.017, 0.771, 241, 
0.037, 0.582, 242, 
0.042, 0.907, 243, 
0.071, 1.903, 244, 
0.026, 0.814, 245, 
0.044, 1.059, 246, 
0.013, 0.805, 247, 
0.034, 1.062, 248, 
0.031, 1.387, 249, 
0.030, 0.960, 250, 
0.031, 0.718, 251, 
0.034, 0.801, 252, 
0.042, 0.743, 253, 
0.022, 1.234, 254, 
0.021, 0.882, 255, 
0.037, 0.786, 256, 
0.038, 0.959, 257, 
0.035, 1.191, 258, 
0.027, 1.025, 259, 
0.006, 0.996, 260, 
0.028, 0.916, 261, 
0.041, 1.045, 262, 
0.024, 1.039, 263, 
0.022, 0.789, 264, 
0.010, 1.280, 265, 
0.050, 1.193, 266, 
0.029, 0.895, 267, 
0.036, 0.983, 268, 
0.015, 2.238, 269, 
0.031, 1.310, 270, 
0.023, 0.732, 271, 
0.041, 1.245, 272, 
0.029, 0.807, 273, 
0.016, 0.797, 274, 
0.012, 1.827, 275, 
0.012, 0.932, 276, 
0.025, 1.048, 277, 
0.042, 0.908, 278, 
0.047, 0.724, 279, 
0.076, 1.897, 280, 
0.029, 1.180, 281, 
0.046, 1.320, 282, 
0.074, 1.916, 283, 
0.033, 1.546, 284, 
0.013, 0.784, 285, 
0.008, 2.236, 286, 
0.032, 1.248, 287, 
0.051, 1.240, 288, 
0.035, 1.098, 289, 
0.050, 1.521, 290, 
0.029, 1.197, 291, 
0.022, 1.394, 292, 
0.022, 0.564, 293, 
0.053, 1.028, 294, 
0.047, 1.125, 295, 
0.017, 1.182, 296, 
0.034, 1.005, 297, 
0.041, 1.046, 298, 
0.040, 1.214, 299, 
0.018, 1.379, 300, 
0.047, 1.182, 301, 
0.025, 0.957, 302, 
0.020, 0.881, 303, 
0.020, 1.281, 304, 
0.030, 0.910, 305, 
0.024, 0.608, 306, 
0.015, 0.686, 307, 
0.042, 0.908, 308, 
0.024, 1.814, 309, 
0.045, 1.127, 310, 
0.028, 0.978, 311, 
0.036, 0.835, 312, 
0.027, 0.811, 313, 
0.043, 0.894, 314, 
0.022, 0.880, 315, 
0.050, 1.235, 316, 
0.026, 0.674, 317, 
0.034, 1.431, 318, 
0.022, 0.966, 319, 
0.044, 1.611, 320, 
0.039, 1.554, 321, 
0.024, 0.873, 322, 
0.023, 1.240, 323, 
0.017, 0.767, 324, 
0.020, 0.550, 325, 
0.027, 1.238, 326, 
0.027, 0.843, 327, 
0.021, 0.816, 328, 
0.077, 1.787, 329, 
0.012, 1.409, 330, 
-0.015, 2.079, 331, 
0.026, 1.241, 332, 
0.037, 1.039, 333, 
0.021, 1.174, 334, 
0.046, 1.059, 335, 
0.026, 0.811, 336, 
0.022, 0.940, 337, 
0.032, 1.163, 338, 
0.033, 0.849, 339, 
0.028, 0.704, 340, 
0.024, 1.274, 341, 
0.018, 0.937, 342, 
0.056, 1.289, 343, 
0.016, 1.380, 344, 
0.029, 1.239, 345, 
0.023, 1.109, 346, 
0.017, 0.794, 347, 
0.034, 1.247, 348, 
0.046, 0.959, 349, 
0.026, 0.816, 350, 
0.015, 0.731, 351, 
0.036, 0.863, 352, 
0.027, 0.730, 353, 
0.026, 1.552, 354, 
0.029, 0.829, 355, 
0.045, 1.352, 356, 
0.048, 0.906, 357, 
0.055, 0.997, 358, 
0.036, 0.892, 359, 
0.024, 0.809, 360, 
0.032, 1.766, 361, 
0.017, 0.679, 362, 
0.023, 0.605, 363, 
0.048, 1.305, 364, 
0.030, 0.971, 365, 
0.021, 0.785, 366, 
0.037, 1.023, 367, 
0.031, 1.125, 368, 
0.035, 1.263, 369, 
0.028, 0.841, 370, 
0.048, 0.877, 371, 
0.027, 1.050, 372, 
0.016, 1.030, 373, 
0.025, 0.785, 374, 
0.016, 0.764, 375, 
0.018, 1.382, 376, 
0.037, 1.063, 377, 
0.024, 0.943, 378, 
0.020, 0.953, 379, 
0.063, 0.899, 380, 
0.019, 2.227, 381, 
0.016, 1.110, 382, 
0.011, 1.321, 383, 
0.051, 1.970, 384, 
0.040, 0.737, 385, 
0.039, 1.042, 386, 
0.034, 1.300, 387, 
0.023, 1.269, 388, 
0.034, 0.726, 389, 
0.041, 1.342, 390, 
0.033, 1.128, 391, 
0.031, 1.248, 392, 
0.045, 0.896, 393, 
0.020, 1.244, 394, 
0.020, 0.818, 395, 
0.043, 0.925, 396, 
0.042, 1.123, 397, 
0.028, 0.847, 398, 
0.018, 0.853, 399, 
0.056, 1.436, 400, 
0.032, 0.974, 401, 
0.023, 1.394, 402, 
0.017, 0.780, 403, 
0.019, 0.778, 404, 
0.000, 2.236, 405, 
0.026, 0.948, 406, 
0.026, 0.581, 407, 
0.032, 0.849, 408, 
0.031, 0.760, 409, 
0.048, 0.723, 410, 
0.062, 0.907, 411, 
0.022, 0.555, 412, 
0.010, 2.238, 413, 
0.016, 1.182, 414, 
0.053, 0.846, 415, 
0.038, 1.268, 416, 
0.049, 1.574, 417, 
0.045, 0.974, 418, 
0.010, 0.796, 419, 
0.026, 1.014, 420, 
0.034, 0.913, 421, 
0.020, 1.394, 422, 
0.034, 1.446, 423, 
0.020, 0.610, 424, 
0.031, 1.743, 425, 
0.036, 1.026, 426, 
0.025, 1.393, 427, 
0.041, 1.382, 428, 
0.031, 0.989, 429, 
0.021, 1.127, 430, 
0.010, 2.235, 431, 
0.022, 1.396, 432, 
0.034, 1.130, 433, 
0.025, 0.723, 434, 
0.021, 1.187, 435, 
0.024, 1.279, 436, 
-0.007, 2.102, 437, 
0.026, 0.664, 438, 
0.048, 1.026, 439, 
0.024, 0.665, 440, 
0.051, 1.574, 441, 
0.019, 0.582, 442, 
0.022, 1.239, 443, 
0.033, 0.727, 444, 
0.050, 1.320, 445, 
0.013, 1.411, 446, 
0.040, 1.066, 447, 
0.020, 0.725, 448, 
0.042, 0.893, 449, 
0.035, 1.192, 450, 
0.052, 0.879, 451, 
0.031, 1.166, 452, 
0.035, 0.845, 453, 
0.025, 1.140, 454, 
0.044, 0.974, 455, 
0.027, 1.434, 456, 
0.020, 1.845, 457, 
0.023, 0.721, 458, 
0.039, 1.185, 459, 
0.031, 1.163, 460, 
0.018, 0.796, 461, 
0.048, 1.217, 462, 
0.068, 1.363, 463, 
0.037, 1.294, 464, 
0.025, 0.721, 465, 
0.023, 1.221, 466, 
0.029, 0.790, 467, 
0.009, 0.815, 468, 
0.011, 0.777, 469, 
0.028, 0.751, 470, 
0.028, 0.742, 471, 
0.041, 0.875, 472, 
0.040, 1.357, 473, 
0.042, 1.103, 474, 
0.036, 0.802, 475, 
0.035, 1.351, 476, 
0.050, 1.930, 477, 
0.056, 1.301, 478, 
0.002, 1.687, 479, 
0.046, 1.092, 480, 
0.042, 1.075, 481, 
0.022, 0.598, 482, 
0.037, 1.255, 483, 
0.031, 1.003, 484, 
0.056, 1.281, 485, 
0.045, 1.028, 486, 
0.031, 0.807, 487, 
0.026, 1.691, 488, 
0.034, 0.832, 489, 
0.028, 1.079, 490, 
0.037, 1.237, 491, 
0.044, 1.508, 492, 
0.028, 0.681, 493, 
0.007, 1.000, 494, 
0.014, 0.593, 495, 
0.026, 0.749, 496, 
0.048, 1.730, 497, 
0.024, 0.700, 498, 
0.042, 1.544, 499, 
0.039, 1.516, 500, 
0.035, 1.341, 501, 
0.029, 0.975, 502, 
0.032, 0.983, 503, 
0.042, 0.957, 504, 
0.040, 0.852, 505, 
0.033, 0.853, 506, 
0.031, 0.790, 507, 
0.018, 0.770, 508, 
0.035, 0.935, 509, 
0.009, 0.775, 510, 
0.019, 0.783, 511, 
0.010, 0.705, 512, 
0.047, 1.075, 513, 
0.051, 0.818, 514, 
0.039, 1.148, 515, 
0.033, 1.490, 516, 
0.050, 1.207, 517, 
0.047, 1.361, 518, 
0.037, 0.828, 519, 
0.046, 0.994, 520, 
0.010, 0.960, 521, 
0.010, 1.697, 522, 
0.042, 0.961, 523, 
0.022, 0.778, 524, 
0.004, 1.182, 525, 
0.027, 1.639, 526, 
0.047, 0.896, 527, 
0.017, 0.864, 528, 
0.019, 0.576, 529, 
0.018, 0.679, 530, 
0.025, 0.881, 531, 
0.019, 0.901, 532, 
0.039, 1.507, 533, 
0.016, 1.097, 534, 
0.029, 1.332, 535, 
0.051, 1.203, 536, 
0.021, 1.110, 537, 
0.029, 0.861, 538, 
0.023, 0.981, 539, 
0.032, 1.166, 540, 
0.034, 0.981, 541, 
0.024, 1.051, 542, 
0.018, 0.899, 543, 
0.029, 0.934, 544, 
0.029, 1.376, 545, 
0.032, 1.277, 546, 
0.053, 1.027, 547, 
0.042, 0.966, 548, 
0.038, 0.752, 549, 
0.034, 0.792, 550, 
0.020, 0.804, 551, 
0.055, 1.179, 552, 
0.035, 0.785, 553, 
0.033, 0.943, 554, 
0.021, 1.742, 555, 
0.055, 2.254, 556, 
0.028, 1.270, 557, 
0.051, 1.012, 558, 
0.022, 1.225, 559, 
0.030, 0.756, 560, 
0.017, 0.963, 561, 
0.042, 0.995, 562, 
0.026, 1.006, 563, 
0.018, 0.800, 564, 
0.023, 1.017, 565, 
0.024, 0.731, 566, 
0.021, 1.154, 567, 
0.042, 1.103, 568, 
0.028, 0.761, 569, 
0.040, 0.774, 570, 
0.020, 0.900, 571, 
0.025, 1.159, 572, 
0.046, 0.808, 573, 
0.051, 1.188, 574, 
0.063, 1.454, 575, 
0.057, 1.293, 576, 
0.027, 0.911, 577, 
0.026, 0.838, 578, 
0.033, 0.833, 579, 
0.015, 0.896, 580, 
0.074, 1.168, 581, 
0.033, 1.094, 582, 
0.044, 0.859, 583, 
0.031, 0.995, 584, 
0.033, 1.110, 585, 
0.039, 1.277, 586, 
0.035, 0.992, 587, 
0.030, 1.645, 588, 
0.011, 0.749, 589, 
0.006, 1.332, 590, 
0.025, 0.560, 591, 
0.044, 0.877, 592, 
0.030, 1.503, 593, 
0.048, 1.912, 594, 
0.047, 1.208, 595, 
0.044, 1.173, 596, 
0.035, 1.078, 597, 
0.032, 0.695, 598, 
0.029, 0.828, 599, 
0.029, 0.661, 600, 
0.026, 1.095, 601, 
0.040, 1.314, 602, 
0.043, 1.262, 603, 
0.022, 2.171, 604, 
0.037, 1.072, 605, 
0.040, 1.006, 606, 
0.027, 1.252, 607, 
0.041, 1.057, 608, 
0.049, 1.297, 609, 
0.026, 1.140, 610, 
0.032, 0.557, 611, 
0.051, 1.444, 612, 
0.043, 1.162, 613, 
0.053, 0.922, 614, 
0.018, 1.235, 615, 
0.033, 0.986, 616, 
0.015, 0.608, 617, 
0.043, 1.144, 618, 
-0.000, 2.055, 619, 
0.037, 1.246, 620, 
0.027, 0.614, 621, 
0.022, 0.541, 622, 
0.010, 1.350, 623, 
0.034, 1.069, 624, 
0.033, 0.964, 625, 
0.039, 0.990, 626, 
0.050, 1.324, 627, 
0.047, 1.264, 628, 
0.039, 0.898, 629, 
0.055, 0.837, 630, 
0.054, 1.548, 631, 
0.019, 0.568, 632, 
0.016, 0.772, 633, 
0.033, 1.171, 634, 
0.006, 1.343, 635, 
0.056, 1.533, 636, 
0.037, 0.743, 637, 
0.045, 1.155, 638, 
0.049, 1.032, 639, 
0.045, 1.236, 640, 
0.030, 1.212, 641, 
0.031, 0.785, 642, 
0.030, 0.803, 643, 
0.035, 0.771, 644, 
0.021, 1.237, 645, 
0.041, 1.182, 646, 
0.040, 1.267, 647, 
0.021, 0.802, 648, 
0.025, 0.657, 649, 
0.022, 0.998, 650, 
0.029, 0.644, 651, 
0.039, 1.310, 652, 
0.043, 0.976, 653, 
0.026, 0.664, 654, 
0.062, 1.168, 655, 
0.068, 0.919, 656, 
0.025, 0.978, 657, 
0.028, 1.072, 658, 
0.028, 1.217, 659, 
0.029, 1.026, 660, 
0.056, 0.894, 661, 
0.041, 1.024, 662, 
0.030, 0.733, 663, 
0.018, 0.540, 664, 
0.020, 0.746, 665, 
0.031, 1.079, 666, 
0.008, 1.258, 667, 
0.025, 1.207, 668, 
0.051, 0.774, 669, 
0.026, 0.644, 670, 
0.026, 0.884, 671, 
0.013, 0.530, 672, 
0.028, 0.900, 673, 
0.008, 0.753, 674, 
0.016, 1.686, 675, 
0.045, 1.006, 676, 
0.030, 0.512, 677, 
0.024, 0.507, 678, 
0.052, 1.393, 679, 
0.032, 1.076, 680, 
0.040, 1.322, 681, 
0.039, 1.031, 682, 
0.027, 0.786, 683, 
0.020, 0.867, 684, 
0.029, 0.845, 685, 
0.012, 0.733, 686, 
0.037, 0.702, 687, 
0.030, 0.727, 688, 
0.024, 1.647, 689, 
0.042, 1.373, 690, 
0.050, 0.842, 691, 
0.024, 1.066, 692, 
0.021, 0.760, 693, 
0.010, 1.719, 694, 
0.020, 0.577, 695, 
0.047, 1.481, 696, 
0.027, 0.526, 697, 
0.042, 1.324, 698, 
0.025, 1.169, 699, 
0.039, 1.519, 700, 
0.023, 0.893, 701, 
0.020, 1.122, 702, 
0.019, 0.825, 703, 
0.024, 0.764, 704, 
0.024, 1.084, 705, 
0.014, 1.319, 706, 
0.017, 0.886, 707, 
0.031, 0.908, 708, 
0.020, 1.119, 709, 
0.038, 1.051, 710, 
0.025, 0.543, 711, 
0.045, 1.208, 712, 
0.037, 0.825, 713, 
0.037, 1.082, 714, 
0.016, 0.881, 715, 
0.022, 0.512, 716, 
0.052, 0.987, 717, 
0.035, 0.776, 718, 
0.038, 0.759, 719, 
0.027, 0.716, 720, 
0.036, 1.384, 721, 
0.026, 0.621, 722, 
0.020, 1.040, 723, 
0.016, 1.095, 724, 
0.014, 0.765, 725, 
0.059, 0.896, 726, 
0.028, 0.636, 727, 
0.043, 1.099, 728, 
0.028, 0.959, 729, 
0.002, 2.094, 730, 
0.036, 0.949, 731, 
0.034, 1.213, 732, 
0.029, 1.068, 733, 
0.027, 0.750, 734, 
0.050, 1.239, 735, 
0.032, 0.927, 736, 
0.012, 1.004, 737, 
0.037, 1.294, 738, 
0.030, 0.886, 739, 
0.035, 0.995, 740, 
0.032, 1.723, 741, 
0.029, 1.232, 742, 
0.032, 0.898, 743, 
0.026, 0.710, 744, 
0.047, 1.579, 745, 
0.023, 0.945, 746, 
0.025, 0.594, 747, 
0.051, 0.866, 748, 
0.052, 1.192, 749, 
0.018, 1.147, 750, 
0.015, 0.904, 751, 
0.028, 0.647, 752, 
0.031, 0.966, 753, 
0.027, 1.801, 754, 
0.044, 1.035, 755, 
0.028, 0.805, 756, 
0.032, 1.446, 757, 
0.049, 0.962, 758, 
0.038, 1.000, 759, 
0.022, 0.805, 760, 
0.027, 0.868, 761, 
0.036, 1.040, 762, 
0.053, 1.481, 763, 
0.035, 1.125, 764, 
0.030, 1.376, 765, 
0.029, 1.187, 766, 
0.051, 1.476, 767, 
0.066, 1.325, 768, 
0.040, 1.291, 769, 
0.037, 1.259, 770, 
0.026, 0.865, 771, 
0.019, 0.938, 772, 
0.047, 1.288, 773, 
0.032, 1.123, 774, 
0.023, 0.777, 775, 
0.046, 1.203, 776, 
0.025, 0.636, 777, 
0.017, 0.682, 778, 
0.028, 0.798, 779, 
0.029, 0.708, 780, 
0.020, 0.820, 781, 
0.044, 1.169, 782, 
0.051, 1.295, 783, 
0.043, 1.578, 784, 
0.026, 1.121, 785, 
0.034, 0.786, 786, 
0.023, 0.659, 787, 
0.053, 1.288, 788, 
0.053, 1.043, 789, 
0.056, 1.096, 790, 
0.044, 0.865, 791, 
0.050, 1.225, 792, 
0.018, 0.914, 793, 
0.015, 0.911, 794, 
0.022, 0.805, 795, 
0.046, 1.133, 796, 
0.023, 0.914, 797, 
0.026, 0.566, 798, 
0.025, 0.958, 799, 
0.032, 0.552, 800, 
0.043, 1.084, 801, 
0.045, 1.315, 802, 
0.058, 1.305, 803, 
0.044, 0.863, 804, 
0.027, 0.822, 805, 
0.048, 0.985, 806, 
0.032, 1.022, 807, 
0.040, 1.229, 808, 
0.023, 1.290, 809, 
0.034, 1.217, 810, 
0.033, 1.109, 811, 
0.009, 0.775, 812, 
0.014, 1.232, 813, 
0.035, 0.954, 814, 
0.039, 1.102, 815, 
0.038, 0.799, 816, 
0.042, 1.214, 817, 
0.037, 0.969, 818, 
0.053, 1.060, 819, 
0.039, 1.249, 820, 
0.044, 0.718, 821, 
0.029, 1.356, 822, 
0.014, 0.885, 823, 
0.016, 0.808, 824, 
0.052, 0.897, 825, 
0.032, 0.680, 826, 
0.023, 1.140, 827, 
0.038, 1.105, 828, 
0.021, 0.788, 829, 
0.026, 0.951, 830, 
0.021, 0.786, 831, 
0.042, 1.048, 832, 
0.039, 0.827, 833, 
0.029, 1.200, 834, 
0.032, 1.229, 835, 
0.004, 1.359, 836, 
0.026, 1.120, 837, 
0.041, 1.234, 838, 
0.045, 1.066, 839, 
0.044, 1.058, 840, 
0.041, 1.273, 841, 
0.046, 1.037, 842, 
0.021, 0.537, 843, 
0.026, 1.226, 844, 
0.027, 0.968, 845, 
0.022, 1.147, 846, 
0.033, 1.036, 847, 
0.019, 1.092, 848, 
0.014, 0.609, 849, 
0.047, 1.227, 850, 
0.045, 1.762, 851, 
0.034, 0.953, 852, 
0.047, 0.873, 853, 
0.042, 1.458, 854, 
0.030, 0.814, 855, 
0.025, 0.945, 856, 
0.023, 1.123, 857, 
0.017, 1.303, 858, 
0.062, 1.224, 859, 
0.042, 1.102, 860, 
0.051, 0.828, 861, 
0.022, 1.103, 862, 
0.042, 1.439, 863, 
0.021, 0.917, 864, 
0.026, 1.514, 865, 
0.027, 0.722, 866, 
0.048, 1.010, 867, 
0.060, 1.485, 868, 
0.024, 0.540, 869, 
0.030, 1.143, 870, 
0.033, 0.948, 871, 
0.045, 1.323, 872, 
0.019, 0.998, 873, 
0.046, 1.077, 874, 
0.051, 1.269, 875, 
0.026, 1.374, 876, 
0.041, 0.917, 877, 
0.028, 0.709, 878, 
0.032, 0.893, 879, 
0.016, 0.916, 880, 
0.023, 0.740, 881, 
0.034, 0.770, 882, 
0.036, 0.968, 883, 
0.049, 1.218, 884, 
0.028, 0.878, 885, 
0.041, 1.376, 886, 
0.049, 1.106, 887, 
0.033, 0.655, 888, 
0.037, 1.394, 889, 
0.057, 1.326, 890, 
0.025, 1.245, 891, 
0.037, 0.959, 892, 
0.030, 1.080, 893, 
0.053, 0.843, 894, 
0.039, 1.019, 895, 
0.025, 1.007, 896, 
0.017, 1.208, 897, 
0.067, 1.346, 898, 
0.034, 0.864, 899, 
0.028, 1.366, 900, 
0.046, 1.592, 901, 
0.047, 1.369, 902, 
0.041, 1.115, 903, 
0.092, 1.134, 904, 
0.007, 1.360, 905, 
0.023, 1.099, 906, 
0.040, 1.078, 907, 
0.016, 0.783, 908, 
0.027, 0.699, 909, 
0.050, 0.879, 910, 
0.018, 0.574, 911, 
0.040, 1.352, 912, 
0.033, 0.641, 913, 
0.027, 0.768, 914, 
0.017, 0.765, 915, 
0.043, 1.799, 916, 
0.030, 0.973, 917, 
0.049, 1.218, 918, 
0.049, 1.009, 919, 
0.024, 0.835, 920, 
0.042, 1.075, 921, 
0.046, 1.252, 922, 
0.037, 1.094, 923, 
0.017, 0.573, 924, 
0.038, 1.415, 925, 
0.056, 0.934, 926, 
0.034, 1.409, 927, 
0.026, 0.798, 928, 
0.039, 1.271, 929, 
0.028, 0.759, 930, 
0.039, 0.807, 931, 
0.027, 1.228, 932, 
0.041, 0.909, 933, 
0.045, 1.418, 934, 
0.029, 0.929, 935, 
0.050, 1.924, 936, 
0.027, 0.823, 937, 
0.036, 1.081, 938, 
0.033, 1.181, 939, 
0.051, 0.974, 940, 
0.039, 1.429, 941, 
0.043, 1.147, 942, 
0.039, 0.797, 943, 
0.064, 1.017, 944, 
0.009, 0.763, 945, 
0.038, 1.255, 946, 
0.044, 1.430, 947, 
0.026, 1.083, 948, 
0.024, 1.105, 949, 
-0.019, 2.153, 950, 
0.052, 1.950, 951, 
0.008, 1.373, 952, 
0.031, 1.378, 953, 
0.042, 1.179, 954, 
0.034, 0.575, 955, 
0.030, 1.804, 956, 
0.042, 0.900, 957, 
0.042, 1.042, 958, 
0.024, 1.249, 959, 
0.023, 0.828, 960, 
0.005, 1.835, 961, 
0.033, 0.913, 962, 
0.025, 0.812, 963, 
0.039, 1.805, 964, 
0.033, 0.779, 965, 
0.034, 1.529, 966, 
0.026, 0.669, 967, 
0.047, 0.936, 968, 
0.058, 1.252, 969, 
0.038, 0.908, 970, 
0.048, 1.260, 971, 
0.041, 0.720, 972, 
0.041, 1.244, 973, 
0.050, 1.085, 974, 
0.041, 1.809, 975, 
0.043, 2.309, 976, 
0.037, 1.116, 977, 
0.047, 0.846, 978, 
0.032, 1.535, 979, 
0.025, 1.548, 980, 
0.045, 0.982, 981, 
0.094, 1.781, 982, 
0.022, 0.974, 983, 
0.026, 1.235, 984, 
0.013, 0.891, 985, 
0.031, 1.130, 986, 
0.018, 1.434, 987, 
0.035, 0.784, 988, 
0.049, 0.850, 989, 
0.031, 0.762, 990, 
0.031, 0.807, 991, 
0.044, 1.218, 992, 
0.029, 1.354, 993, 
0.029, 1.166, 994, 
0.044, 0.855, 995, 
0.037, 0.795, 996, 
0.013, 0.625, 997, 
-0.004, 2.119, 998, 
0.032, 0.971, 999, 
0.022, 1.239, 1000, 
0.031, 1.247, 1001, 
0.059, 1.572, 1002, 
0.026, 1.163, 1003, 
0.026, 0.586, 1004, 
0.042, 1.036, 1005, 
0.052, 1.075, 1006, 
0.036, 1.739, 1007, 
0.029, 1.232, 1008, 
0.023, 0.757, 1009, 
0.058, 0.909, 1010, 
0.024, 0.780, 1011, 
0.030, 1.589, 1012, 
0.050, 1.352, 1013, 
0.024, 1.023, 1014, 
0.037, 0.970, 1015, 
0.053, 1.352, 1016, 
0.041, 0.841, 1017, 
0.021, 0.828, 1018, 
0.026, 0.730, 1019, 
0.029, 0.917, 1020, 
0.020, 0.787, 1021, 
0.038, 1.026, 1022, 
0.020, 1.038, 1023, 
0.042, 0.863, 1024, 
0.039, 0.985, 1025, 
0.024, 0.608, 1026, 
0.012, 1.040, 1027, 
0.042, 0.986, 1028, 
0.069, 1.252, 1029, 
0.029, 0.850, 1030, 
0.027, 0.721, 1031, 
0.056, 1.190, 1032, 
0.047, 1.524, 1033, 
0.047, 0.913, 1034, 
0.053, 1.022, 1035, 
0.040, 1.337, 1036, 
0.042, 0.956, 1037, 
0.058, 1.494, 1038, 
0.023, 0.940, 1039, 
0.058, 0.874, 1040, 
0.046, 0.904, 1041, 
0.023, 1.658, 1042, 
0.017, 1.012, 1043, 
0.022, 0.730, 1044, 
0.015, 0.806, 1045, 
0.032, 1.339, 1046, 
0.028, 1.593, 1047, 
0.031, 1.383, 1048, 
0.035, 1.742, 1049, 
0.053, 1.061, 1050, 
0.022, 0.729, 1051, 
0.037, 1.028, 1052, 
0.020, 1.059, 1053, 
0.008, 0.957, 1054, 
0.029, 0.916, 1055, 
0.052, 1.152, 1056, 
0.022, 0.565, 1057, 
0.051, 1.064, 1058, 
0.023, 0.788, 1059, 
0.030, 1.249, 1060, 
0.022, 0.949, 1061, 
0.024, 1.014, 1062, 
0.025, 0.684, 1063, 
0.015, 0.686, 1064, 
0.038, 0.930, 1065, 
0.047, 1.027, 1066, 
0.044, 1.033, 1067, 
0.023, 1.124, 1068, 
0.051, 1.102, 1069, 
0.018, 1.443, 1070, 
0.017, 1.183, 1071, 
0.018, 0.859, 1072, 
0.036, 1.468, 1073, 
0.015, 0.831, 1074, 
0.040, 1.429, 1075, 
0.047, 1.006, 1076, 
0.006, 0.996, 1077, 
0.021, 0.639, 1078, 
0.023, 1.124, 1079, 
0.029, 1.243, 1080, 
0.019, 1.253, 1081, 
0.014, 1.113, 1082, 
0.090, 1.193, 1083, 
0.023, 0.587, 1084, 
0.033, 0.718, 1085, 
0.030, 0.974, 1086, 
0.033, 2.330, 1087, 
0.025, 1.007, 1088, 
0.043, 2.332, 1089, 
0.024, 1.455, 1090, 
0.061, 1.299, 1091, 
0.016, 0.771, 1092, 
0.027, 0.716, 1093, 
0.027, 1.456, 1094, 
0.037, 0.727, 1095, 
0.034, 1.419, 1096, 
0.041, 1.263, 1097, 
0.046, 0.741, 1098, 
0.063, 1.438, 1099, 
0.014, 0.824, 1100, 
0.048, 1.385, 1101, 
0.023, 0.787, 1102, 
0.038, 1.000, 1103, 
0.047, 0.934, 1104, 
0.016, 0.954, 1105, 
0.064, 1.503, 1106, 
0.025, 1.841, 1107, 
0.034, 0.581, 1108, 
0.020, 1.174, 1109, 
0.021, 1.170, 1110, 
0.039, 1.045, 1111, 
-0.002, 2.151, 1112, 
0.044, 1.059, 1113, 
0.029, 0.606, 1114, 
0.043, 1.355, 1115, 
0.034, 0.890, 1116, 
0.037, 0.893, 1117, 
0.022, 0.945, 1118, 
0.053, 1.030, 1119, 
0.054, 1.185, 1120, 
0.053, 0.863, 1121, 
0.053, 1.133, 1122, 
0.025, 0.664, 1123, 
0.023, 0.923, 1124, 
0.044, 1.573, 1125, 
0.037, 0.908, 1126, 
0.056, 1.975, 1127, 
0.035, 0.958, 1128, 
0.068, 1.442, 1129, 
0.042, 1.133, 1130, 
0.037, 2.284, 1131, 
0.050, 1.026, 1132, 
0.054, 1.004, 1133, 
0.044, 1.044, 1134, 
0.014, 0.816, 1135, 
0.037, 0.830, 1136, 
0.054, 1.306, 1137, 
0.035, 0.672, 1138, 
0.035, 1.063, 1139, 
0.000, 1.004, 1140, 
0.035, 0.804, 1141, 
0.056, 0.877, 1142, 
0.041, 1.249, 1143, 
0.020, 0.825, 1144, 
0.045, 1.264, 1145, 
0.035, 0.842, 1146, 
0.031, 1.131, 1147, 
0.060, 1.314, 1148, 
0.033, 1.321, 1149, 
0.045, 1.514, 1150, 
0.029, 0.722, 1151, 
0.066, 1.062, 1152, 
0.025, 1.552, 1153, 
0.023, 1.129, 1154, 
0.065, 1.092, 1155, 
0.023, 0.817, 1156, 
0.039, 0.761, 1157, 
0.024, 0.827, 1158, 
0.018, 0.898, 1159, 
0.061, 0.914, 1160, 
0.030, 1.038, 1161, 
0.027, 0.731, 1162, 
0.031, 1.115, 1163, 
0.031, 0.915, 1164, 
-0.008, 1.407, 1165, 
0.026, 0.913, 1166, 
0.014, 1.023, 1167, 
0.048, 1.321, 1168, 
0.026, 1.012, 1169, 
0.033, 1.112, 1170, 
0.050, 0.976, 1171, 
0.047, 1.222, 1172, 
0.028, 1.246, 1173, 
0.049, 1.273, 1174, 
0.037, 1.004, 1175, 
0.017, 1.470, 1176, 
0.023, 0.787, 1177, 
0.074, 1.252, 1178, 
0.046, 1.098, 1179, 
0.028, 0.725, 1180, 
0.020, 0.985, 1181, 
0.036, 1.822, 1182, 
0.054, 0.964, 1183, 
0.049, 0.975, 1184, 
0.073, 1.377, 1185, 
0.090, 1.789, 1186, 
0.020, 0.925, 1187, 
0.031, 1.133, 1188, 
0.042, 0.985, 1189, 
0.048, 0.938, 1190, 
0.065, 1.689, 1191, 
0.061, 1.075, 1192, 
0.077, 1.060, 1193, 
0.024, 0.925, 1194, 
0.022, 1.163, 1195, 
0.057, 1.384, 1196, 
0.083, 1.143, 1197, 
0.046, 0.876, 1198, 
0.025, 0.818, 1199, 
0.037, 1.120, 1200, 
0.033, 1.169, 1201, 
0.053, 0.864, 1202, 
0.018, 0.770, 1203, 
0.033, 0.685, 1204, 
0.037, 1.236, 1205, 
0.046, 0.971, 1206, 
0.032, 0.784, 1207, 
0.030, 2.304, 1208, 
0.062, 1.528, 1209, 
0.017, 1.278, 1210, 
0.029, 0.608, 1211, 
0.019, 0.807, 1212, 
0.032, 0.871, 1213, 
0.032, 1.065, 1214, 
0.030, 0.995, 1215, 
0.028, 1.130, 1216, 
0.029, 0.610, 1217, 
0.026, 0.732, 1218, 
0.061, 1.576, 1219, 
0.041, 1.545, 1220, 
0.012, 1.065, 1221, 
0.026, 0.701, 1222, 
0.057, 1.007, 1223, 
0.053, 0.896, 1224, 
0.029, 0.966, 1225, 
0.010, 0.759, 1226, 
0.037, 1.245, 1227, 
0.037, 1.124, 1228, 
0.062, 0.904, 1229, 
0.030, 1.238, 1230, 
0.037, 1.115, 1231, 
0.019, 0.947, 1232, 
0.036, 0.763, 1233, 
0.013, 1.385, 1234, 
0.046, 1.192, 1235, 
0.011, 0.858, 1236, 
0.009, 2.161, 1237, 
0.043, 0.799, 1238, 
0.064, 1.305, 1239, 
0.029, 1.135, 1240, 
0.004, 0.948, 1241, 
0.035, 0.682, 1242, 
0.025, 0.783, 1243, 
0.018, 0.632, 1244, 
0.041, 1.295, 1245, 
0.063, 1.135, 1246, 
0.063, 1.140, 1247, 
0.065, 1.503, 1248, 
0.018, 0.898, 1249, 
0.022, 1.046, 1250, 
0.042, 0.950, 1251, 
0.040, 0.877, 1252, 
0.052, 1.314, 1253, 
0.048, 1.257, 1254, 
0.024, 0.691, 1255, 
0.025, 1.175, 1256, 
0.032, 1.191, 1257, 
0.028, 1.237, 1258, 
0.065, 0.862, 1259, 
0.040, 1.163, 1260, 
0.034, 0.716, 1261, 
0.028, 1.174, 1262, 
0.000, 0.814, 1263, 
0.027, 1.009, 1264, 
0.021, 1.275, 1265, 
0.048, 1.091, 1266, 
0.044, 0.836, 1267, 
0.037, 0.874, 1268, 
0.035, 0.929, 1269, 
0.011, 0.821, 1270, 
0.040, 1.594, 1271, 
0.050, 1.044, 1272, 
0.024, 0.788, 1273, 
0.032, 1.515, 1274, 
0.047, 1.394, 1275, 
0.062, 1.338, 1276, 
0.040, 0.762, 1277, 
0.017, 0.991, 1278, 
0.040, 0.924, 1279, 
0.043, 0.635, 1280, 
0.018, 0.820, 1281, 
0.012, 1.256, 1282, 
0.007, 0.822, 1283, 
0.030, 1.130, 1284, 
0.014, 0.820, 1285, 
0.027, 0.777, 1286, 
0.012, 0.915, 1287, 
0.035, 0.986, 1288, 
0.059, 1.136, 1289, 
0.026, 0.725, 1290, 
0.041, 0.811, 1291, 
0.015, 0.629, 1292, 
0.016, 1.214, 1293, 
0.045, 1.134, 1294, 
0.014, 0.582, 1295, 
0.071, 0.911, 1296, 
0.040, 1.057, 1297, 
0.049, 1.317, 1298, 
0.074, 1.373, 1299, 
0.033, 1.427, 1300, 
0.029, 1.949, 1301, 
0.032, 1.323, 1302, 
0.018, 0.870, 1303, 
0.059, 0.896, 1304, 
0.025, 0.979, 1305, 
0.035, 0.807, 1306, 
0.036, 1.247, 1307, 
0.029, 1.247, 1308, 
0.035, 1.002, 1309, 
0.077, 1.063, 1310, 
0.039, 1.568, 1311, 
0.052, 1.127, 1312, 
0.044, 1.248, 1313, 
0.053, 1.130, 1314, 
0.006, 1.280, 1315, 
0.048, 0.801, 1316, 
0.033, 1.043, 1317, 
0.051, 1.029, 1318, 
0.002, 1.421, 1319, 
0.038, 0.834, 1320, 
0.030, 0.903, 1321, 
0.052, 1.193, 1322, 
-0.021, 2.055, 1323, 
0.002, 0.961, 1324, 
0.028, 0.807, 1325, 
0.036, 1.298, 1326, 
0.048, 1.119, 1327, 
0.082, 1.349, 1328, 
0.057, 1.379, 1329, 
0.046, 1.602, 1330, 
0.009, 0.816, 1331, 
0.058, 1.382, 1332, 
0.050, 1.129, 1333, 
0.035, 1.322, 1334, 
0.055, 1.214, 1335, 
0.027, 1.027, 1336, 
0.078, 1.252, 1337, 
0.028, 0.975, 1338, 
0.060, 1.818, 1339, 
0.051, 0.938, 1340, 
0.048, 1.061, 1341, 
0.043, 1.048, 1342, 
0.056, 1.210, 1343, 
0.068, 1.378, 1344, 
0.035, 1.115, 1345, 
0.058, 1.204, 1346, 
0.052, 1.791, 1347, 
0.034, 0.833, 1348, 
0.032, 0.715, 1349, 
0.043, 0.780, 1350, 
0.002, 1.410, 1351, 
0.025, 1.165, 1352, 
0.048, 1.357, 1353, 
0.053, 1.008, 1354, 
0.030, 1.181, 1355, 
0.033, 0.892, 1356, 
0.039, 1.062, 1357, 
0.057, 1.549, 1358, 
0.008, 1.165, 1359, 
0.068, 1.376, 1360, 
0.040, 1.306, 1361, 
0.015, 1.036, 1362, 
0.041, 1.829, 1363, 
0.056, 0.857, 1364, 
0.058, 1.018, 1365, 
0.029, 1.184, 1366, 
0.064, 1.237, 1367, 
0.036, 1.040, 1368, 
0.046, 0.888, 1369, 
0.019, 1.245, 1370, 
0.029, 1.032, 1371, 
0.024, 0.728, 1372, 
0.029, 1.239, 1373, 
