mean,std,episode,x
-0.003, 0.612, 1, 
0.000, 0.742, 2, 
-0.004, 0.517, 3, 
-0.002, 0.546, 4, 
-0.010, 0.544, 5, 
0.014, 0.522, 6, 
-0.006, 0.436, 7, 
-0.009, 0.507, 8, 
0.006, 0.432, 9, 
-0.001, 0.441, 10, 
0.007, 0.511, 11, 
-0.007, 0.552, 12, 
-0.008, 0.427, 13, 
0.021, 0.584, 14, 
0.001, 0.419, 15, 
-0.008, 0.935, 16, 
-0.001, 0.330, 17, 
-0.005, 0.598, 18, 
0.003, 0.686, 19, 
-0.004, 0.626, 20, 
0.016, 1.003, 21, 
0.004, 0.699, 22, 
0.005, 0.579, 23, 
0.022, 0.617, 24, 
0.007, 0.613, 25, 
-0.012, 0.494, 26, 
0.011, 0.656, 27, 
0.011, 0.507, 28, 
0.003, 0.498, 29, 
0.014, 0.579, 30, 
-0.006, 0.525, 31, 
0.007, 0.535, 32, 
0.006, 0.399, 33, 
-0.025, 0.706, 34, 
0.010, 0.429, 35, 
0.001, 0.631, 36, 
0.001, 0.502, 37, 
0.012, 0.660, 38, 
-0.000, 0.446, 39, 
0.010, 0.448, 40, 
-0.005, 0.449, 41, 
0.001, 0.697, 42, 
0.005, 0.586, 43, 
0.019, 0.535, 44, 
-0.004, 0.738, 45, 
-0.009, 0.631, 46, 
0.000, 0.535, 47, 
0.003, 0.351, 48, 
0.005, 0.428, 49, 
0.004, 0.310, 50, 
0.000, 0.335, 51, 
0.001, 0.556, 52, 
-0.006, 0.885, 53, 
-0.005, 0.687, 54, 
0.008, 0.715, 55, 
0.007, 0.467, 56, 
-0.001, 1.164, 57, 
0.021, 0.470, 58, 
0.026, 0.855, 59, 
0.015, 0.419, 60, 
0.017, 0.507, 61, 
0.015, 0.448, 62, 
0.021, 0.980, 63, 
0.008, 0.598, 64, 
-0.005, 0.526, 65, 
-0.000, 0.817, 66, 
0.004, 0.515, 67, 
0.006, 0.407, 68, 
0.010, 0.671, 69, 
0.016, 0.534, 70, 
-0.008, 0.698, 71, 
0.004, 0.338, 72, 
-0.009, 0.663, 73, 
0.029, 0.770, 74, 
-0.001, 0.521, 75, 
0.008, 0.775, 76, 
0.020, 0.703, 77, 
0.008, 0.496, 78, 
0.019, 0.936, 79, 
0.017, 0.700, 80, 
-0.008, 0.375, 81, 
0.008, 0.508, 82, 
0.008, 0.653, 83, 
0.022, 0.683, 84, 
0.014, 0.715, 85, 
0.016, 0.643, 86, 
0.001, 0.622, 87, 
0.023, 0.658, 88, 
-0.002, 0.547, 89, 
0.035, 0.744, 90, 
0.021, 0.537, 91, 
0.019, 0.613, 92, 
0.008, 0.603, 93, 
0.022, 0.716, 94, 
0.010, 0.568, 95, 
0.020, 0.828, 96, 
0.018, 0.776, 97, 
0.021, 0.412, 98, 
0.023, 0.489, 99, 
0.009, 0.567, 100, 
0.005, 0.973, 101, 
0.011, 0.588, 102, 
0.004, 0.826, 103, 
0.002, 0.724, 104, 
0.014, 0.720, 105, 
0.007, 0.840, 106, 
0.013, 1.197, 107, 
0.004, 0.545, 108, 
0.015, 0.640, 109, 
0.021, 0.606, 110, 
0.006, 0.663, 111, 
0.024, 0.865, 112, 
0.037, 0.816, 113, 
0.013, 0.656, 114, 
0.013, 0.471, 115, 
0.032, 0.825, 116, 
0.018, 1.052, 117, 
0.011, 0.667, 118, 
0.014, 1.060, 119, 
0.027, 0.734, 120, 
0.018, 0.818, 121, 
0.021, 0.729, 122, 
0.006, 0.528, 123, 
0.006, 0.595, 124, 
0.022, 0.975, 125, 
0.026, 0.614, 126, 
0.009, 0.828, 127, 
0.021, 0.867, 128, 
0.029, 1.308, 129, 
0.034, 0.727, 130, 
0.004, 0.454, 131, 
0.017, 0.684, 132, 
0.013, 0.862, 133, 
0.012, 0.412, 134, 
0.012, 0.607, 135, 
0.033, 0.754, 136, 
0.007, 0.456, 137, 
0.025, 0.763, 138, 
0.004, 0.950, 139, 
0.032, 0.666, 140, 
0.019, 0.518, 141, 
0.013, 0.623, 142, 
0.034, 0.663, 143, 
0.009, 1.385, 144, 
0.035, 1.370, 145, 
0.030, 0.761, 146, 
0.025, 1.123, 147, 
0.032, 0.700, 148, 
0.011, 0.599, 149, 
0.018, 0.641, 150, 
0.014, 0.583, 151, 
0.019, 1.330, 152, 
0.019, 0.956, 153, 
0.035, 0.575, 154, 
0.019, 0.744, 155, 
0.017, 0.701, 156, 
0.016, 0.995, 157, 
0.015, 0.428, 158, 
0.025, 0.765, 159, 
0.016, 0.696, 160, 
0.023, 0.885, 161, 
0.002, 0.414, 162, 
0.022, 0.678, 163, 
0.012, 0.996, 164, 
0.009, 1.172, 165, 
0.031, 0.939, 166, 
0.012, 0.516, 167, 
0.013, 0.761, 168, 
0.026, 0.580, 169, 
0.017, 0.799, 170, 
0.005, 0.666, 171, 
0.017, 0.671, 172, 
0.031, 0.967, 173, 
0.020, 1.130, 174, 
0.040, 0.709, 175, 
0.029, 0.738, 176, 
0.051, 1.313, 177, 
0.016, 0.612, 178, 
0.012, 0.585, 179, 
0.008, 0.864, 180, 
0.014, 0.606, 181, 
0.025, 0.838, 182, 
0.047, 0.729, 183, 
0.021, 0.811, 184, 
0.017, 0.608, 185, 
0.023, 0.618, 186, 
0.037, 0.667, 187, 
0.035, 0.643, 188, 
0.042, 1.003, 189, 
0.032, 0.638, 190, 
0.005, 0.876, 191, 
0.010, 0.871, 192, 
0.049, 1.111, 193, 
0.004, 0.859, 194, 
0.047, 0.888, 195, 
0.029, 0.707, 196, 
0.039, 1.275, 197, 
0.040, 0.888, 198, 
0.028, 0.505, 199, 
0.022, 0.471, 200, 
0.018, 0.814, 201, 
0.022, 0.501, 202, 
0.020, 0.648, 203, 
0.024, 0.803, 204, 
0.027, 0.694, 205, 
0.017, 0.890, 206, 
0.024, 0.635, 207, 
0.010, 0.582, 208, 
0.016, 0.947, 209, 
0.020, 0.892, 210, 
0.015, 0.719, 211, 
0.021, 0.979, 212, 
0.016, 0.612, 213, 
0.017, 0.736, 214, 
0.019, 0.622, 215, 
0.020, 0.597, 216, 
0.025, 0.770, 217, 
0.033, 0.784, 218, 
0.021, 0.953, 219, 
0.019, 0.826, 220, 
0.024, 0.598, 221, 
0.017, 0.508, 222, 
0.020, 0.635, 223, 
0.038, 0.687, 224, 
0.019, 0.459, 225, 
0.033, 0.999, 226, 
0.011, 0.480, 227, 
0.018, 0.622, 228, 
0.052, 0.858, 229, 
0.017, 0.868, 230, 
0.018, 0.426, 231, 
0.026, 0.962, 232, 
0.013, 0.689, 233, 
0.054, 1.350, 234, 
0.026, 1.051, 235, 
0.010, 0.871, 236, 
0.027, 0.786, 237, 
0.033, 1.023, 238, 
0.025, 0.666, 239, 
0.011, 0.763, 240, 
0.014, 0.970, 241, 
0.008, 0.593, 242, 
0.021, 0.806, 243, 
0.014, 0.913, 244, 
0.009, 1.080, 245, 
0.019, 0.721, 246, 
0.037, 0.960, 247, 
0.035, 1.000, 248, 
0.010, 0.731, 249, 
0.021, 1.350, 250, 
0.012, 0.595, 251, 
0.017, 0.551, 252, 
0.013, 0.600, 253, 
0.030, 0.765, 254, 
-0.005, 1.605, 255, 
0.044, 0.919, 256, 
0.036, 0.811, 257, 
0.009, 0.593, 258, 
0.072, 0.911, 259, 
0.034, 0.924, 260, 
0.017, 0.759, 261, 
0.013, 0.991, 262, 
0.034, 0.663, 263, 
0.024, 0.822, 264, 
0.018, 0.807, 265, 
0.022, 0.552, 266, 
0.017, 0.731, 267, 
0.026, 0.867, 268, 
0.016, 0.964, 269, 
0.016, 0.630, 270, 
0.049, 1.097, 271, 
0.009, 0.708, 272, 
0.021, 0.761, 273, 
0.013, 0.819, 274, 
0.017, 0.733, 275, 
0.060, 0.907, 276, 
0.025, 0.987, 277, 
0.044, 0.804, 278, 
0.009, 0.688, 279, 
0.017, 1.004, 280, 
0.020, 0.739, 281, 
0.037, 1.237, 282, 
0.019, 0.445, 283, 
0.040, 0.722, 284, 
0.015, 0.710, 285, 
0.031, 0.930, 286, 
0.023, 1.439, 287, 
0.011, 0.538, 288, 
0.015, 1.095, 289, 
0.024, 0.627, 290, 
0.024, 0.630, 291, 
0.008, 0.703, 292, 
0.036, 1.000, 293, 
0.021, 0.811, 294, 
0.016, 0.690, 295, 
0.034, 1.037, 296, 
0.017, 0.980, 297, 
0.042, 0.757, 298, 
0.039, 0.697, 299, 
0.020, 0.572, 300, 
0.014, 0.730, 301, 
0.026, 0.902, 302, 
0.025, 1.406, 303, 
0.034, 0.921, 304, 
0.023, 0.630, 305, 
0.022, 0.563, 306, 
0.023, 0.568, 307, 
0.041, 0.990, 308, 
0.022, 0.926, 309, 
0.024, 0.689, 310, 
0.028, 1.113, 311, 
0.028, 0.912, 312, 
0.032, 0.547, 313, 
0.024, 0.886, 314, 
0.042, 1.041, 315, 
0.033, 0.943, 316, 
0.049, 1.042, 317, 
0.029, 0.660, 318, 
0.052, 1.381, 319, 
0.047, 1.057, 320, 
0.024, 0.780, 321, 
0.028, 0.788, 322, 
0.011, 0.726, 323, 
0.030, 0.892, 324, 
0.034, 1.834, 325, 
0.017, 0.921, 326, 
0.028, 1.124, 327, 
0.027, 1.031, 328, 
0.024, 0.968, 329, 
0.015, 0.924, 330, 
0.014, 0.998, 331, 
0.027, 1.809, 332, 
0.015, 0.652, 333, 
0.025, 0.887, 334, 
0.037, 0.565, 335, 
0.030, 0.878, 336, 
0.009, 0.735, 337, 
0.030, 0.838, 338, 
0.018, 0.874, 339, 
0.010, 0.872, 340, 
0.015, 0.531, 341, 
0.019, 0.457, 342, 
0.013, 0.518, 343, 
0.005, 1.094, 344, 
0.043, 0.797, 345, 
0.021, 0.864, 346, 
0.037, 1.011, 347, 
0.021, 0.707, 348, 
0.017, 0.614, 349, 
0.018, 0.742, 350, 
0.032, 0.736, 351, 
0.014, 0.716, 352, 
0.013, 0.601, 353, 
0.009, 0.690, 354, 
0.026, 1.049, 355, 
0.006, 0.587, 356, 
0.042, 0.702, 357, 
0.022, 0.638, 358, 
0.031, 0.784, 359, 
0.028, 0.935, 360, 
0.014, 0.726, 361, 
0.061, 0.912, 362, 
0.031, 0.684, 363, 
0.038, 0.872, 364, 
0.023, 0.912, 365, 
0.023, 0.769, 366, 
0.021, 0.807, 367, 
0.041, 0.922, 368, 
0.040, 0.807, 369, 
0.031, 1.041, 370, 
0.034, 0.581, 371, 
0.011, 0.929, 372, 
0.024, 0.914, 373, 
0.011, 0.537, 374, 
0.024, 0.553, 375, 
0.040, 0.691, 376, 
0.023, 0.918, 377, 
0.036, 0.730, 378, 
0.023, 0.774, 379, 
0.022, 0.628, 380, 
0.030, 0.983, 381, 
0.027, 0.781, 382, 
0.022, 0.749, 383, 
0.028, 0.616, 384, 
0.007, 0.623, 385, 
0.017, 0.806, 386, 
0.040, 0.810, 387, 
0.027, 0.923, 388, 
0.039, 1.189, 389, 
0.045, 0.800, 390, 
0.039, 0.709, 391, 
0.011, 0.626, 392, 
0.034, 0.583, 393, 
0.027, 1.060, 394, 
0.023, 0.730, 395, 
0.025, 0.772, 396, 
0.027, 0.626, 397, 
0.014, 1.007, 398, 
0.037, 0.897, 399, 
0.026, 0.573, 400, 
0.023, 1.045, 401, 
0.021, 0.838, 402, 
0.021, 0.582, 403, 
0.015, 0.684, 404, 
0.025, 0.698, 405, 
0.015, 1.009, 406, 
0.035, 0.592, 407, 
0.034, 0.945, 408, 
0.031, 0.946, 409, 
0.030, 0.997, 410, 
0.031, 0.886, 411, 
0.021, 1.020, 412, 
0.064, 1.002, 413, 
0.027, 1.244, 414, 
0.033, 0.995, 415, 
0.036, 0.847, 416, 
0.040, 0.875, 417, 
0.014, 0.584, 418, 
0.030, 0.939, 419, 
0.020, 0.840, 420, 
0.043, 1.005, 421, 
0.022, 0.753, 422, 
0.022, 0.649, 423, 
0.024, 0.627, 424, 
0.018, 0.999, 425, 
0.042, 0.821, 426, 
0.025, 0.904, 427, 
0.024, 0.638, 428, 
0.031, 0.838, 429, 
0.018, 0.469, 430, 
0.025, 0.766, 431, 
0.060, 1.532, 432, 
0.017, 0.740, 433, 
0.029, 0.785, 434, 
0.029, 0.893, 435, 
0.016, 0.511, 436, 
0.026, 0.791, 437, 
0.024, 0.647, 438, 
0.011, 0.664, 439, 
0.020, 0.791, 440, 
0.019, 1.023, 441, 
0.038, 0.742, 442, 
0.018, 0.756, 443, 
0.010, 1.060, 444, 
0.021, 0.582, 445, 
0.023, 0.788, 446, 
0.043, 0.819, 447, 
0.012, 1.060, 448, 
0.025, 1.007, 449, 
0.054, 1.093, 450, 
0.031, 1.432, 451, 
0.010, 0.835, 452, 
0.027, 0.681, 453, 
0.029, 0.820, 454, 
0.037, 0.973, 455, 
0.020, 1.368, 456, 
0.017, 0.444, 457, 
0.021, 0.650, 458, 
0.018, 0.470, 459, 
0.014, 0.686, 460, 
0.022, 0.753, 461, 
0.023, 0.810, 462, 
0.033, 0.876, 463, 
0.017, 0.469, 464, 
0.038, 0.741, 465, 
0.037, 0.842, 466, 
0.023, 1.378, 467, 
0.012, 1.000, 468, 
0.014, 1.154, 469, 
-0.000, 1.376, 470, 
0.042, 1.005, 471, 
0.029, 0.691, 472, 
0.021, 0.537, 473, 
0.042, 0.818, 474, 
0.020, 1.000, 475, 
0.066, 1.430, 476, 
0.022, 0.640, 477, 
0.035, 0.976, 478, 
0.038, 0.759, 479, 
0.017, 0.653, 480, 
0.029, 1.174, 481, 
0.030, 0.826, 482, 
0.033, 0.852, 483, 
0.017, 0.625, 484, 
-0.003, 1.683, 485, 
0.048, 0.966, 486, 
0.018, 0.998, 487, 
0.040, 1.218, 488, 
0.020, 0.759, 489, 
0.023, 1.071, 490, 
0.022, 0.562, 491, 
0.023, 0.650, 492, 
0.022, 0.779, 493, 
0.053, 0.911, 494, 
0.013, 0.946, 495, 
0.064, 1.003, 496, 
0.038, 0.913, 497, 
0.042, 1.579, 498, 
0.034, 0.594, 499, 
0.031, 0.954, 500, 
0.020, 1.023, 501, 
0.029, 0.856, 502, 
0.030, 0.668, 503, 
0.035, 0.732, 504, 
0.043, 1.006, 505, 
0.018, 0.451, 506, 
0.019, 1.117, 507, 
0.025, 0.644, 508, 
0.028, 0.855, 509, 
0.036, 1.353, 510, 
0.015, 1.103, 511, 
0.035, 0.714, 512, 
0.022, 0.732, 513, 
0.010, 0.717, 514, 
0.034, 0.719, 515, 
0.016, 0.899, 516, 
0.040, 1.260, 517, 
0.020, 0.791, 518, 
0.039, 1.052, 519, 
0.016, 0.655, 520, 
0.013, 1.058, 521, 
0.024, 1.394, 522, 
0.014, 0.687, 523, 
0.020, 0.547, 524, 
0.062, 1.432, 525, 
0.029, 0.466, 526, 
0.018, 0.670, 527, 
0.040, 0.991, 528, 
0.024, 0.998, 529, 
0.025, 0.791, 530, 
0.033, 0.976, 531, 
0.036, 0.780, 532, 
0.031, 1.292, 533, 
0.019, 1.077, 534, 
0.017, 1.243, 535, 
0.028, 0.891, 536, 
0.017, 0.991, 537, 
0.015, 0.656, 538, 
0.031, 0.949, 539, 
0.033, 0.779, 540, 
0.035, 1.860, 541, 
0.030, 1.052, 542, 
0.031, 0.824, 543, 
0.027, 0.803, 544, 
0.031, 0.823, 545, 
0.048, 1.153, 546, 
0.024, 0.935, 547, 
0.034, 0.718, 548, 
0.042, 0.989, 549, 
0.020, 0.628, 550, 
0.033, 0.838, 551, 
0.038, 0.842, 552, 
0.022, 0.820, 553, 
0.021, 0.540, 554, 
0.036, 0.861, 555, 
0.008, 0.705, 556, 
0.023, 0.732, 557, 
0.025, 0.668, 558, 
0.036, 0.852, 559, 
0.021, 1.022, 560, 
0.038, 0.821, 561, 
0.011, 0.890, 562, 
0.017, 0.654, 563, 
0.027, 0.835, 564, 
0.038, 0.742, 565, 
0.031, 0.878, 566, 
0.008, 0.704, 567, 
0.031, 0.767, 568, 
0.026, 0.680, 569, 
0.017, 0.469, 570, 
0.021, 0.824, 571, 
0.022, 0.649, 572, 
0.021, 0.953, 573, 
0.037, 0.941, 574, 
0.025, 1.069, 575, 
0.026, 1.451, 576, 
0.045, 0.680, 577, 
0.031, 0.835, 578, 
0.010, 0.659, 579, 
0.022, 0.776, 580, 
0.029, 0.818, 581, 
0.022, 1.020, 582, 
0.019, 0.996, 583, 
0.027, 0.557, 584, 
0.007, 0.630, 585, 
0.022, 0.904, 586, 
0.036, 0.718, 587, 
0.031, 0.808, 588, 
0.028, 1.017, 589, 
0.021, 1.161, 590, 
0.055, 1.073, 591, 
0.014, 0.754, 592, 
0.038, 0.842, 593, 
0.029, 1.223, 594, 
0.021, 0.639, 595, 
0.032, 0.885, 596, 
0.031, 0.951, 597, 
0.030, 1.449, 598, 
0.010, 0.745, 599, 
0.030, 0.931, 600, 
0.025, 0.761, 601, 
0.019, 0.763, 602, 
0.038, 1.201, 603, 
0.024, 0.722, 604, 
0.033, 1.045, 605, 
0.045, 0.669, 606, 
0.027, 0.684, 607, 
0.023, 0.773, 608, 
0.034, 0.941, 609, 
0.035, 0.945, 610, 
0.039, 0.799, 611, 
0.021, 0.771, 612, 
0.022, 1.152, 613, 
0.024, 0.570, 614, 
-0.004, 1.365, 615, 
0.017, 0.600, 616, 
0.037, 0.707, 617, 
0.022, 0.900, 618, 
0.022, 0.966, 619, 
0.014, 0.470, 620, 
0.025, 1.388, 621, 
0.027, 0.988, 622, 
0.022, 0.830, 623, 
0.012, 1.002, 624, 
0.022, 0.787, 625, 
0.040, 1.022, 626, 
0.036, 0.714, 627, 
0.007, 0.654, 628, 
0.020, 1.140, 629, 
0.016, 0.461, 630, 
0.034, 1.208, 631, 
0.051, 0.900, 632, 
0.013, 1.327, 633, 
0.017, 0.895, 634, 
0.011, 0.658, 635, 
0.042, 0.814, 636, 
0.029, 0.782, 637, 
0.037, 1.044, 638, 
0.026, 1.108, 639, 
0.018, 1.112, 640, 
0.016, 0.473, 641, 
0.040, 0.726, 642, 
0.018, 0.450, 643, 
0.008, 0.715, 644, 
0.032, 0.850, 645, 
0.012, 0.654, 646, 
0.016, 0.655, 647, 
0.049, 0.725, 648, 
0.025, 0.528, 649, 
0.014, 0.725, 650, 
0.046, 1.147, 651, 
0.040, 1.254, 652, 
0.025, 0.699, 653, 
0.012, 0.614, 654, 
0.016, 0.650, 655, 
0.012, 1.100, 656, 
0.004, 0.793, 657, 
0.018, 0.995, 658, 
0.015, 1.020, 659, 
0.015, 0.653, 660, 
0.027, 0.725, 661, 
0.034, 0.865, 662, 
0.036, 1.078, 663, 
0.022, 0.537, 664, 
0.024, 0.992, 665, 
0.039, 0.819, 666, 
0.029, 0.889, 667, 
0.035, 0.724, 668, 
0.022, 0.639, 669, 
0.031, 0.688, 670, 
0.030, 0.690, 671, 
0.016, 0.756, 672, 
0.033, 0.971, 673, 
0.063, 1.528, 674, 
0.015, 0.510, 675, 
0.030, 1.050, 676, 
0.023, 0.996, 677, 
0.000, 1.371, 678, 
0.028, 0.951, 679, 
0.025, 0.628, 680, 
0.026, 0.680, 681, 
0.026, 0.813, 682, 
0.070, 0.955, 683, 
0.027, 1.155, 684, 
0.025, 0.610, 685, 
0.023, 1.046, 686, 
0.037, 0.577, 687, 
0.012, 0.531, 688, 
0.026, 0.574, 689, 
0.039, 0.842, 690, 
0.030, 1.102, 691, 
0.027, 0.987, 692, 
0.021, 1.098, 693, 
0.019, 0.790, 694, 
0.022, 0.649, 695, 
0.018, 1.021, 696, 
0.022, 0.641, 697, 
0.037, 0.949, 698, 
0.019, 1.000, 699, 
0.040, 0.836, 700, 
0.023, 0.732, 701, 
0.033, 0.940, 702, 
0.019, 0.627, 703, 
0.020, 1.023, 704, 
0.017, 0.670, 705, 
0.058, 1.530, 706, 
0.006, 0.633, 707, 
0.028, 1.134, 708, 
0.022, 1.012, 709, 
0.023, 0.735, 710, 
0.017, 0.652, 711, 
0.044, 1.036, 712, 
0.026, 0.702, 713, 
0.033, 0.853, 714, 
0.037, 0.901, 715, 
0.029, 0.786, 716, 
0.017, 1.107, 717, 
0.017, 0.733, 718, 
0.032, 0.853, 719, 
0.037, 1.353, 720, 
0.016, 0.758, 721, 
0.023, 1.149, 722, 
0.012, 1.061, 723, 
0.023, 0.733, 724, 
0.029, 0.856, 725, 
0.008, 0.660, 726, 
0.022, 1.148, 727, 
0.022, 0.930, 728, 
0.031, 1.292, 729, 
0.053, 0.909, 730, 
0.015, 0.933, 731, 
0.021, 0.532, 732, 
0.025, 0.998, 733, 
0.016, 0.580, 734, 
0.012, 0.665, 735, 
0.044, 0.819, 736, 
0.037, 0.780, 737, 
0.021, 0.840, 738, 
0.028, 0.781, 739, 
0.049, 1.153, 740, 
0.055, 0.913, 741, 
0.023, 1.148, 742, 
0.012, 0.626, 743, 
0.024, 0.610, 744, 
0.033, 0.787, 745, 
0.017, 0.625, 746, 
0.036, 0.975, 747, 
0.030, 0.691, 748, 
