mean,std,episode,x
-0.007, 0.655, 1, 
-0.018, 0.448, 2, 
-0.006, 0.918, 3, 
0.003, 0.499, 4, 
0.002, 0.516, 5, 
0.008, 0.383, 6, 
0.001, 0.323, 7, 
-0.003, 0.353, 8, 
-0.005, 0.609, 9, 
0.002, 0.472, 10, 
0.006, 0.535, 11, 
0.007, 0.669, 12, 
-0.010, 0.546, 13, 
0.001, 0.498, 14, 
0.007, 1.037, 15, 
0.005, 0.454, 16, 
0.008, 0.590, 17, 
0.022, 0.616, 18, 
-0.008, 0.340, 19, 
-0.000, 0.406, 20, 
0.002, 0.832, 21, 
-0.005, 0.328, 22, 
0.003, 0.518, 23, 
0.003, 0.467, 24, 
0.014, 0.487, 25, 
0.002, 0.438, 26, 
0.002, 0.442, 27, 
0.011, 0.548, 28, 
-0.004, 0.505, 29, 
0.005, 0.326, 30, 
0.013, 0.357, 31, 
-0.014, 0.661, 32, 
0.005, 0.593, 33, 
-0.005, 0.301, 34, 
0.003, 0.506, 35, 
0.009, 0.846, 36, 
-0.002, 0.883, 37, 
0.003, 0.404, 38, 
0.006, 0.480, 39, 
-0.008, 0.687, 40, 
-0.002, 0.396, 41, 
-0.001, 0.557, 42, 
0.007, 0.588, 43, 
0.014, 0.443, 44, 
0.008, 0.300, 45, 
0.013, 0.541, 46, 
0.008, 0.678, 47, 
-0.001, 0.424, 48, 
0.005, 0.460, 49, 
0.009, 0.522, 50, 
-0.003, 0.616, 51, 
0.007, 0.818, 52, 
-0.005, 0.832, 53, 
-0.002, 0.747, 54, 
0.009, 0.341, 55, 
-0.008, 0.847, 56, 
0.018, 0.483, 57, 
0.028, 0.753, 58, 
0.014, 0.518, 59, 
0.027, 0.589, 60, 
0.006, 0.663, 61, 
-0.007, 0.567, 62, 
-0.005, 0.459, 63, 
0.009, 0.622, 64, 
0.013, 0.418, 65, 
0.002, 0.492, 66, 
0.009, 0.800, 67, 
0.024, 1.200, 68, 
0.010, 0.483, 69, 
0.004, 0.901, 70, 
0.016, 0.660, 71, 
0.005, 0.482, 72, 
0.008, 0.511, 73, 
0.002, 0.532, 74, 
0.020, 0.711, 75, 
-0.003, 0.509, 76, 
0.003, 0.449, 77, 
0.014, 0.535, 78, 
0.012, 0.679, 79, 
0.004, 0.810, 80, 
0.027, 0.524, 81, 
0.003, 0.472, 82, 
0.016, 0.654, 83, 
0.012, 0.488, 84, 
0.019, 0.592, 85, 
0.010, 0.777, 86, 
0.006, 0.701, 87, 
0.009, 0.544, 88, 
-0.000, 0.636, 89, 
0.033, 0.667, 90, 
-0.001, 0.690, 91, 
0.000, 0.598, 92, 
0.011, 0.791, 93, 
0.023, 0.609, 94, 
0.012, 0.814, 95, 
0.022, 0.809, 96, 
0.010, 0.599, 97, 
0.007, 0.387, 98, 
0.013, 0.873, 99, 
0.022, 0.764, 100, 
0.020, 0.566, 101, 
0.010, 0.512, 102, 
-0.004, 0.583, 103, 
0.011, 0.515, 104, 
0.025, 0.548, 105, 
0.031, 0.441, 106, 
-0.008, 0.555, 107, 
0.018, 0.632, 108, 
0.025, 0.780, 109, 
0.027, 0.598, 110, 
0.017, 0.751, 111, 
0.018, 0.378, 112, 
0.020, 0.575, 113, 
0.024, 0.883, 114, 
0.037, 0.582, 115, 
0.007, 0.818, 116, 
0.021, 0.635, 117, 
0.018, 0.608, 118, 
0.029, 1.746, 119, 
0.033, 0.590, 120, 
0.019, 0.500, 121, 
0.012, 0.903, 122, 
0.026, 0.899, 123, 
0.028, 0.691, 124, 
0.031, 0.646, 125, 
-0.005, 1.247, 126, 
0.042, 0.623, 127, 
0.015, 0.831, 128, 
0.017, 0.996, 129, 
0.014, 0.727, 130, 
0.043, 0.804, 131, 
0.020, 0.859, 132, 
0.019, 0.687, 133, 
0.012, 0.546, 134, 
0.029, 0.898, 135, 
0.014, 0.718, 136, 
0.035, 0.766, 137, 
0.020, 0.836, 138, 
0.030, 0.507, 139, 
0.022, 1.308, 140, 
0.034, 0.647, 141, 
0.006, 0.492, 142, 
0.025, 0.671, 143, 
0.030, 0.714, 144, 
0.040, 0.730, 145, 
0.015, 0.876, 146, 
0.020, 1.020, 147, 
0.018, 0.549, 148, 
0.009, 0.963, 149, 
0.010, 1.068, 150, 
0.022, 0.788, 151, 
0.021, 0.560, 152, 
0.060, 0.869, 153, 
0.024, 0.695, 154, 
0.040, 0.801, 155, 
0.037, 0.691, 156, 
0.014, 0.420, 157, 
0.035, 0.690, 158, 
0.012, 1.248, 159, 
0.015, 0.952, 160, 
0.022, 0.557, 161, 
0.021, 0.733, 162, 
0.021, 1.129, 163, 
0.032, 0.808, 164, 
0.025, 0.504, 165, 
0.036, 0.916, 166, 
0.021, 0.562, 167, 
0.039, 0.790, 168, 
0.025, 0.556, 169, 
0.033, 0.720, 170, 
0.017, 0.539, 171, 
0.028, 1.051, 172, 
0.028, 0.748, 173, 
0.030, 0.623, 174, 
0.024, 0.906, 175, 
0.018, 0.615, 176, 
0.029, 0.970, 177, 
0.017, 0.789, 178, 
0.039, 1.009, 179, 
0.034, 1.032, 180, 
0.013, 0.492, 181, 
0.005, 1.464, 182, 
0.037, 0.787, 183, 
0.024, 0.660, 184, 
0.015, 0.529, 185, 
0.021, 0.736, 186, 
0.016, 0.752, 187, 
0.035, 0.884, 188, 
0.022, 1.093, 189, 
0.020, 0.595, 190, 
0.039, 0.712, 191, 
0.033, 0.924, 192, 
0.040, 0.793, 193, 
0.061, 1.371, 194, 
0.024, 0.781, 195, 
0.026, 0.735, 196, 
0.019, 0.982, 197, 
0.020, 0.651, 198, 
0.038, 0.863, 199, 
0.010, 1.034, 200, 
0.028, 0.765, 201, 
0.022, 0.546, 202, 
0.051, 1.016, 203, 
0.031, 0.751, 204, 
0.027, 0.755, 205, 
0.032, 1.035, 206, 
0.006, 0.923, 207, 
0.045, 0.669, 208, 
0.036, 0.791, 209, 
0.036, 1.845, 210, 
0.028, 0.878, 211, 
0.046, 0.788, 212, 
0.020, 0.524, 213, 
0.015, 0.458, 214, 
0.017, 0.984, 215, 
0.025, 0.978, 216, 
0.030, 1.006, 217, 
0.015, 0.580, 218, 
0.022, 1.151, 219, 
0.019, 0.734, 220, 
0.016, 0.470, 221, 
0.025, 1.019, 222, 
0.020, 0.983, 223, 
0.026, 0.458, 224, 
0.023, 0.542, 225, 
0.009, 0.653, 226, 
0.015, 0.805, 227, 
0.038, 0.778, 228, 
0.021, 1.382, 229, 
0.034, 0.585, 230, 
0.018, 0.565, 231, 
0.032, 0.705, 232, 
0.023, 0.758, 233, 
0.026, 0.794, 234, 
0.051, 0.891, 235, 
0.027, 0.815, 236, 
0.025, 0.754, 237, 
0.025, 1.111, 238, 
0.034, 1.026, 239, 
0.018, 0.977, 240, 
0.031, 0.996, 241, 
0.025, 0.630, 242, 
0.015, 0.620, 243, 
0.038, 0.896, 244, 
0.022, 0.712, 245, 
0.013, 0.803, 246, 
0.022, 0.748, 247, 
0.032, 0.814, 248, 
0.034, 0.891, 249, 
0.046, 1.007, 250, 
0.036, 0.550, 251, 
0.022, 0.962, 252, 
0.026, 1.210, 253, 
0.023, 0.561, 254, 
0.027, 1.052, 255, 
-0.002, 1.736, 256, 
-0.013, 1.603, 257, 
0.051, 0.995, 258, 
0.032, 1.048, 259, 
0.017, 0.472, 260, 
0.055, 0.911, 261, 
0.027, 0.788, 262, 
0.046, 0.759, 263, 
0.018, 0.593, 264, 
0.021, 0.427, 265, 
0.019, 1.069, 266, 
-0.007, 1.651, 267, 
0.012, 0.586, 268, 
0.036, 0.932, 269, 
0.040, 1.004, 270, 
0.035, 0.657, 271, 
0.021, 0.614, 272, 
0.025, 0.928, 273, 
0.019, 0.616, 274, 
0.039, 0.943, 275, 
0.019, 0.733, 276, 
0.021, 0.984, 277, 
0.025, 0.932, 278, 
0.018, 0.754, 279, 
0.040, 0.787, 280, 
0.019, 0.551, 281, 
0.031, 0.786, 282, 
0.021, 0.521, 283, 
0.030, 1.384, 284, 
0.036, 0.565, 285, 
0.044, 0.875, 286, 
0.037, 0.929, 287, 
0.023, 0.726, 288, 
0.029, 1.411, 289, 
0.015, 0.668, 290, 
0.028, 0.872, 291, 
0.019, 0.745, 292, 
0.022, 0.710, 293, 
0.016, 0.594, 294, 
0.037, 1.058, 295, 
0.017, 0.670, 296, 
0.016, 0.933, 297, 
0.015, 0.656, 298, 
0.022, 0.785, 299, 
0.018, 0.980, 300, 
0.027, 0.820, 301, 
0.055, 0.947, 302, 
0.067, 1.415, 303, 
0.019, 0.993, 304, 
0.019, 0.772, 305, 
0.031, 1.146, 306, 
0.024, 0.666, 307, 
0.016, 0.610, 308, 
0.015, 0.661, 309, 
0.011, 1.136, 310, 
0.035, 0.869, 311, 
0.021, 1.073, 312, 
0.022, 0.637, 313, 
0.028, 1.154, 314, 
0.014, 0.939, 315, 
0.020, 0.765, 316, 
0.022, 0.561, 317, 
0.011, 0.942, 318, 
0.013, 1.332, 319, 
0.030, 0.463, 320, 
0.026, 1.016, 321, 
0.017, 0.444, 322, 
0.035, 0.833, 323, 
0.019, 0.483, 324, 
0.024, 0.664, 325, 
0.021, 0.752, 326, 
0.019, 0.652, 327, 
0.032, 0.937, 328, 
0.022, 0.584, 329, 
0.019, 0.828, 330, 
0.028, 0.894, 331, 
0.048, 1.153, 332, 
0.028, 0.790, 333, 
0.024, 0.716, 334, 
0.031, 0.832, 335, 
0.031, 1.107, 336, 
0.035, 0.770, 337, 
0.022, 0.970, 338, 
0.023, 0.669, 339, 
0.032, 1.141, 340, 
0.016, 0.580, 341, 
0.017, 0.987, 342, 
0.070, 0.961, 343, 
0.024, 0.668, 344, 
0.016, 0.987, 345, 
0.027, 0.905, 346, 
0.029, 0.989, 347, 
0.019, 1.242, 348, 
0.016, 0.617, 349, 
0.027, 0.835, 350, 
0.050, 0.725, 351, 
0.028, 1.128, 352, 
0.020, 0.781, 353, 
0.023, 0.616, 354, 
0.026, 0.747, 355, 
0.009, 0.653, 356, 
0.039, 0.718, 357, 
0.039, 1.042, 358, 
0.044, 0.705, 359, 
0.028, 0.894, 360, 
0.022, 0.873, 361, 
0.024, 0.720, 362, 
0.013, 0.455, 363, 
0.018, 0.518, 364, 
0.027, 1.051, 365, 
0.009, 1.091, 366, 
0.030, 0.851, 367, 
0.015, 0.438, 368, 
0.050, 0.807, 369, 
0.033, 1.127, 370, 
0.030, 0.895, 371, 
0.011, 0.709, 372, 
0.025, 0.988, 373, 
0.005, 1.758, 374, 
0.038, 0.942, 375, 
0.025, 1.066, 376, 
0.031, 0.877, 377, 
0.012, 1.097, 378, 
0.028, 0.895, 379, 
0.038, 0.747, 380, 
0.014, 1.087, 381, 
0.036, 0.866, 382, 
0.039, 0.950, 383, 
0.011, 0.722, 384, 
0.019, 0.658, 385, 
0.008, 1.100, 386, 
0.027, 0.693, 387, 
0.027, 0.750, 388, 
0.045, 0.699, 389, 
0.025, 0.834, 390, 
0.027, 0.981, 391, 
0.055, 1.065, 392, 
0.021, 0.619, 393, 
0.037, 1.034, 394, 
0.025, 0.760, 395, 
0.004, 0.592, 396, 
0.027, 1.146, 397, 
0.015, 0.644, 398, 
0.032, 0.670, 399, 
0.028, 0.619, 400, 
0.018, 0.872, 401, 
0.024, 0.995, 402, 
-0.001, 1.357, 403, 
0.039, 0.832, 404, 
0.015, 0.739, 405, 
0.021, 0.742, 406, 
0.032, 0.764, 407, 
0.013, 0.620, 408, 
0.033, 1.223, 409, 
0.040, 1.196, 410, 
0.022, 1.092, 411, 
0.037, 1.181, 412, 
0.021, 0.578, 413, 
0.022, 0.626, 414, 
0.015, 0.655, 415, 
0.034, 1.126, 416, 
0.028, 0.455, 417, 
0.023, 0.773, 418, 
0.033, 1.034, 419, 
0.022, 0.837, 420, 
0.025, 0.666, 421, 
0.029, 0.554, 422, 
0.032, 0.896, 423, 
0.010, 0.831, 424, 
0.017, 0.463, 425, 
0.020, 1.069, 426, 
0.020, 1.162, 427, 
0.048, 0.949, 428, 
0.012, 1.012, 429, 
0.039, 0.714, 430, 
0.032, 0.831, 431, 
0.037, 1.036, 432, 
0.030, 0.728, 433, 
0.019, 0.759, 434, 
0.041, 1.033, 435, 
0.012, 0.649, 436, 
0.025, 0.775, 437, 
0.041, 1.571, 438, 
0.010, 0.631, 439, 
0.037, 0.712, 440, 
0.010, 0.628, 441, 
0.020, 0.903, 442, 
0.019, 0.682, 443, 
0.031, 1.480, 444, 
0.033, 0.720, 445, 
0.042, 1.214, 446, 
0.030, 0.554, 447, 
0.019, 0.895, 448, 
0.023, 0.725, 449, 
0.032, 0.898, 450, 
0.027, 1.454, 451, 
0.018, 0.585, 452, 
0.029, 0.888, 453, 
0.019, 0.765, 454, 
0.024, 0.995, 455, 
0.029, 0.558, 456, 
0.016, 1.019, 457, 
0.036, 0.897, 458, 
0.015, 1.327, 459, 
0.019, 1.158, 460, 
0.034, 0.819, 461, 
0.032, 1.077, 462, 
0.035, 0.839, 463, 
0.031, 1.041, 464, 
0.025, 1.039, 465, 
0.034, 1.050, 466, 
0.021, 0.536, 467, 
0.042, 0.698, 468, 
0.017, 1.468, 469, 
0.023, 0.779, 470, 
0.033, 0.787, 471, 
0.018, 0.777, 472, 
0.035, 0.849, 473, 
0.041, 0.986, 474, 
0.020, 0.987, 475, 
0.026, 0.529, 476, 
0.020, 0.902, 477, 
0.027, 0.996, 478, 
0.019, 0.443, 479, 
0.019, 0.651, 480, 
0.014, 0.585, 481, 
0.029, 0.855, 482, 
0.021, 0.992, 483, 
0.024, 0.778, 484, 
0.021, 0.667, 485, 
0.004, 1.684, 486, 
0.022, 0.584, 487, 
0.018, 0.999, 488, 
0.039, 0.800, 489, 
0.026, 1.018, 490, 
0.012, 1.475, 491, 
0.023, 0.767, 492, 
0.033, 0.825, 493, 
0.017, 0.903, 494, 
0.025, 0.629, 495, 
0.011, 0.748, 496, 
0.046, 1.153, 497, 
0.018, 0.486, 498, 
0.027, 1.147, 499, 
0.030, 0.691, 500, 
0.023, 1.048, 501, 
0.018, 0.469, 502, 
0.021, 0.828, 503, 
0.026, 0.800, 504, 
0.012, 1.061, 505, 
0.021, 0.579, 506, 
0.033, 0.717, 507, 
0.032, 0.901, 508, 
0.035, 0.732, 509, 
0.024, 0.768, 510, 
0.013, 0.549, 511, 
0.017, 0.900, 512, 
0.036, 0.849, 513, 
0.042, 1.006, 514, 
0.018, 1.117, 515, 
0.021, 0.532, 516, 
0.014, 1.002, 517, 
0.032, 0.879, 518, 
0.022, 0.549, 519, 
0.011, 0.747, 520, 
0.010, 0.837, 521, 
0.014, 0.476, 522, 
0.020, 0.945, 523, 
0.047, 1.153, 524, 
0.032, 1.144, 525, 
0.020, 0.792, 526, 
0.035, 1.062, 527, 
0.030, 1.174, 528, 
0.021, 0.467, 529, 
0.018, 1.117, 530, 
0.028, 0.560, 531, 
0.020, 1.077, 532, 
0.036, 0.848, 533, 
0.035, 0.781, 534, 
0.032, 0.725, 535, 
0.046, 0.807, 536, 
0.038, 0.729, 537, 
0.016, 0.953, 538, 
0.022, 0.779, 539, 
0.034, 0.717, 540, 
0.029, 1.248, 541, 
0.038, 0.581, 542, 
0.030, 0.692, 543, 
0.029, 0.894, 544, 
0.043, 1.206, 545, 
0.017, 0.820, 546, 
0.025, 0.574, 547, 
0.022, 0.733, 548, 
0.013, 0.663, 549, 
0.019, 0.792, 550, 
0.023, 1.395, 551, 
0.023, 0.766, 552, 
0.013, 0.947, 553, 
0.025, 0.666, 554, 
0.018, 0.915, 555, 
0.032, 0.971, 556, 
0.028, 0.850, 557, 
0.018, 0.903, 558, 
0.034, 0.686, 559, 
0.036, 1.086, 560, 
0.028, 1.000, 561, 
0.027, 0.628, 562, 
0.022, 1.149, 563, 
