mean,std,episode,x
0.017, 0.831, 1, 
0.028, 1.901, 2, 
-0.026, 2.893, 3, 
-0.009, 2.582, 4, 
-0.006, 1.948, 5, 
0.062, 1.667, 6, 
0.047, 1.436, 7, 
-0.001, 1.192, 8, 
-0.024, 1.348, 9, 
0.011, 1.282, 10, 
0.008, 0.960, 11, 
0.003, 0.961, 12, 
0.027, 1.443, 13, 
0.021, 1.605, 14, 
0.043, 0.931, 15, 
0.050, 2.511, 16, 
0.022, 1.892, 17, 
-0.005, 1.237, 18, 
0.053, 1.078, 19, 
0.076, 1.857, 20, 
0.082, 1.852, 21, 
0.017, 1.473, 22, 
0.007, 1.197, 23, 
0.006, 2.270, 24, 
0.019, 0.963, 25, 
0.062, 1.581, 26, 
-0.001, 1.332, 27, 
-0.000, 1.354, 28, 
0.037, 2.230, 29, 
0.027, 2.550, 30, 
0.042, 2.074, 31, 
0.023, 1.416, 32, 
0.045, 2.267, 33, 
0.039, 1.138, 34, 
0.052, 1.449, 35, 
0.035, 1.191, 36, 
0.035, 2.371, 37, 
0.039, 0.980, 38, 
0.042, 2.141, 39, 
0.036, 1.669, 40, 
0.044, 1.447, 41, 
0.016, 0.818, 42, 
0.053, 1.439, 43, 
-0.005, 1.120, 44, 
0.044, 1.190, 45, 
0.039, 0.980, 46, 
0.060, 1.538, 47, 
0.018, 1.150, 48, 
0.063, 1.016, 49, 
0.066, 1.278, 50, 
0.044, 1.106, 51, 
0.025, 1.735, 52, 
0.009, 1.155, 53, 
0.044, 1.584, 54, 
0.033, 1.489, 55, 
0.052, 1.836, 56, 
0.039, 1.668, 57, 
0.041, 1.863, 58, 
0.024, 1.558, 59, 
0.038, 1.458, 60, 
0.056, 1.770, 61, 
0.048, 1.202, 62, 
0.026, 1.957, 63, 
0.053, 1.450, 64, 
0.027, 1.708, 65, 
0.099, 1.699, 66, 
0.088, 1.820, 67, 
0.016, 1.658, 68, 
0.050, 1.326, 69, 
0.019, 1.369, 70, 
0.083, 1.413, 71, 
0.055, 1.493, 72, 
0.040, 1.810, 73, 
0.063, 2.023, 74, 
0.032, 1.329, 75, 
0.056, 1.468, 76, 
0.038, 1.751, 77, 
0.090, 2.163, 78, 
0.010, 2.022, 79, 
0.042, 1.167, 80, 
0.041, 1.063, 81, 
0.047, 0.961, 82, 
0.060, 2.013, 83, 
0.064, 1.101, 84, 
0.065, 1.809, 85, 
0.054, 1.436, 86, 
0.064, 1.821, 87, 
0.057, 1.101, 88, 
0.027, 0.815, 89, 
0.089, 1.759, 90, 
0.056, 1.255, 91, 
0.050, 1.368, 92, 
0.062, 2.207, 93, 
0.027, 1.558, 94, 
0.033, 2.419, 95, 
0.015, 1.109, 96, 
0.033, 1.797, 97, 
0.041, 1.771, 98, 
0.031, 1.132, 99, 
0.054, 1.320, 100, 
0.044, 1.680, 101, 
0.011, 1.234, 102, 
0.058, 1.467, 103, 
0.034, 1.580, 104, 
0.093, 1.275, 105, 
0.030, 0.988, 106, 
0.029, 1.235, 107, 
0.094, 2.110, 108, 
0.031, 1.558, 109, 
0.083, 1.332, 110, 
0.024, 3.142, 111, 
0.051, 1.171, 112, 
-0.008, 1.395, 113, 
0.067, 1.016, 114, 
0.055, 1.436, 115, 
0.040, 1.287, 116, 
0.005, 2.022, 117, 
0.048, 1.229, 118, 
0.053, 1.566, 119, 
0.031, 0.833, 120, 
0.069, 1.194, 121, 
0.036, 1.647, 122, 
0.040, 1.386, 123, 
0.020, 1.275, 124, 
0.031, 1.575, 125, 
0.070, 1.538, 126, 
0.042, 1.069, 127, 
0.041, 1.344, 128, 
0.022, 1.287, 129, 
0.019, 1.939, 130, 
0.021, 1.016, 131, 
0.078, 2.111, 132, 
0.011, 1.465, 133, 
0.048, 1.447, 134, 
0.053, 0.815, 135, 
0.040, 1.922, 136, 
0.034, 1.325, 137, 
0.046, 1.602, 138, 
0.052, 1.663, 139, 
0.054, 2.263, 140, 
0.035, 1.025, 141, 
0.021, 1.343, 142, 
0.044, 1.638, 143, 
0.024, 1.284, 144, 
0.066, 1.808, 145, 
0.044, 1.175, 146, 
0.049, 1.019, 147, 
0.030, 0.833, 148, 
0.036, 0.945, 149, 
0.057, 2.186, 150, 
0.033, 1.421, 151, 
0.046, 1.099, 152, 
0.048, 1.940, 153, 
0.043, 2.008, 154, 
0.102, 1.758, 155, 
0.045, 1.633, 156, 
0.047, 1.457, 157, 
0.025, 1.149, 158, 
0.071, 1.414, 159, 
0.043, 1.586, 160, 
0.028, 1.584, 161, 
0.029, 1.575, 162, 
0.037, 0.854, 163, 
0.035, 1.735, 164, 
0.029, 0.959, 165, 
0.040, 1.785, 166, 
0.058, 1.784, 167, 
0.064, 1.251, 168, 
0.067, 1.438, 169, 
0.046, 1.663, 170, 
0.114, 1.758, 171, 
0.061, 1.255, 172, 
0.040, 1.490, 173, 
0.032, 1.558, 174, 
0.052, 1.709, 175, 
0.073, 1.943, 176, 
0.034, 1.285, 177, 
-0.059, 3.040, 178, 
0.036, 0.947, 179, 
0.014, 1.150, 180, 
0.036, 1.583, 181, 
0.076, 2.557, 182, 
0.055, 1.380, 183, 
0.047, 1.565, 184, 
0.073, 1.799, 185, 
0.022, 1.362, 186, 
0.035, 1.458, 187, 
0.025, 1.157, 188, 
0.031, 1.738, 189, 
0.062, 1.840, 190, 
0.040, 1.591, 191, 
0.020, 2.080, 192, 
0.054, 3.783, 193, 
0.037, 0.947, 194, 
0.043, 1.753, 195, 
0.026, 1.132, 196, 
0.024, 1.579, 197, 
0.018, 1.143, 198, 
0.015, 1.142, 199, 
0.013, 1.750, 200, 
0.061, 1.275, 201, 
0.031, 1.492, 202, 
0.007, 0.816, 203, 
0.098, 1.860, 204, 
0.057, 1.773, 205, 
0.053, 1.476, 206, 
0.071, 1.230, 207, 
0.026, 1.334, 208, 
0.062, 0.852, 209, 
0.026, 1.337, 210, 
0.031, 1.361, 211, 
0.041, 1.461, 212, 
0.042, 1.166, 213, 
0.091, 2.050, 214, 
0.033, 1.437, 215, 
0.040, 1.988, 216, 
0.067, 2.555, 217, 
0.050, 2.265, 218, 
0.048, 1.171, 219, 
0.070, 1.360, 220, 
0.062, 1.957, 221, 
0.032, 2.503, 222, 
0.023, 1.204, 223, 
0.053, 1.797, 224, 
0.067, 1.752, 225, 
0.081, 1.211, 226, 
0.032, 1.174, 227, 
0.038, 0.933, 228, 
0.048, 1.280, 229, 
0.026, 1.235, 230, 
0.080, 1.786, 231, 
0.101, 1.281, 232, 
0.053, 1.512, 233, 
0.006, 1.935, 234, 
0.032, 1.751, 235, 
0.031, 1.026, 236, 
0.023, 1.754, 237, 
0.016, 1.106, 238, 
0.065, 1.135, 239, 
0.043, 1.455, 240, 
0.066, 1.017, 241, 
0.046, 1.386, 242, 
0.037, 1.640, 243, 
0.026, 1.594, 244, 
0.057, 1.955, 245, 
0.059, 1.646, 246, 
0.039, 1.940, 247, 
0.015, 0.932, 248, 
0.083, 1.537, 249, 
0.082, 1.901, 250, 
0.052, 1.464, 251, 
0.055, 1.669, 252, 
0.060, 2.175, 253, 
0.008, 2.023, 254, 
0.041, 2.617, 255, 
0.052, 1.832, 256, 
0.026, 1.754, 257, 
0.048, 2.047, 258, 
0.057, 1.583, 259, 
0.011, 1.109, 260, 
0.040, 1.136, 261, 
0.048, 1.343, 262, 
0.032, 1.003, 263, 
0.053, 1.560, 264, 
0.069, 1.210, 265, 
0.056, 1.401, 266, 
0.053, 1.253, 267, 
0.019, 1.165, 268, 
0.077, 1.892, 269, 
0.026, 1.846, 270, 
0.042, 0.930, 271, 
0.041, 1.341, 272, 
0.055, 2.455, 273, 
0.044, 1.407, 274, 
0.023, 1.234, 275, 
0.037, 1.457, 276, 
0.045, 2.108, 277, 
0.037, 1.669, 278, 
0.086, 1.415, 279, 
0.048, 1.712, 280, 
0.052, 1.922, 281, 
0.048, 2.011, 282, 
0.037, 1.797, 283, 
0.052, 1.234, 284, 
0.067, 1.583, 285, 
0.088, 1.417, 286, 
0.049, 1.436, 287, 
0.086, 1.410, 288, 
0.031, 1.064, 289, 
0.051, 3.286, 290, 
0.071, 1.441, 291, 
0.051, 1.495, 292, 
0.081, 1.919, 293, 
0.028, 1.275, 294, 
0.042, 1.792, 295, 
0.043, 1.865, 296, 
0.053, 1.720, 297, 
0.062, 1.343, 298, 
0.032, 1.026, 299, 
0.029, 1.439, 300, 
0.038, 1.150, 301, 
0.051, 1.755, 302, 
0.055, 1.438, 303, 
0.058, 1.478, 304, 
0.034, 1.275, 305, 
0.049, 2.176, 306, 
0.081, 1.844, 307, 
0.094, 1.491, 308, 
0.050, 1.753, 309, 
0.013, 1.159, 310, 
0.062, 0.832, 311, 
0.088, 2.567, 312, 
0.047, 1.473, 313, 
0.100, 2.702, 314, 
0.058, 1.595, 315, 
0.044, 1.104, 316, 
0.038, 1.450, 317, 
0.072, 1.756, 318, 
0.021, 1.737, 319, 
0.028, 1.333, 320, 
0.038, 1.438, 321, 
0.031, 0.984, 322, 
0.029, 1.737, 323, 
0.059, 1.715, 324, 
0.042, 1.388, 325, 
0.033, 1.107, 326, 
0.032, 1.096, 327, 
0.043, 0.854, 328, 
0.078, 1.928, 329, 
0.116, 1.824, 330, 
0.049, 1.446, 331, 
-0.006, 2.639, 332, 
0.024, 2.409, 333, 
0.016, 1.440, 334, 
0.062, 1.211, 335, 
0.102, 1.601, 336, 
0.038, 1.141, 337, 
0.015, 1.204, 338, 
0.022, 1.934, 339, 
0.042, 0.930, 340, 
0.054, 2.444, 341, 
0.037, 1.750, 342, 
0.078, 1.408, 343, 
0.074, 2.524, 344, 
0.006, 1.453, 345, 
0.070, 1.845, 346, 
0.058, 1.751, 347, 
0.036, 1.447, 348, 
0.075, 1.234, 349, 
0.092, 2.210, 350, 
0.059, 1.439, 351, 
0.024, 1.150, 352, 
0.039, 1.102, 353, 
0.072, 1.901, 354, 
0.072, 1.846, 355, 
0.104, 1.608, 356, 
0.086, 2.010, 357, 
0.089, 1.621, 358, 
0.074, 1.464, 359, 
0.057, 1.346, 360, 
0.074, 1.957, 361, 
0.051, 0.896, 362, 
0.071, 1.253, 363, 
0.033, 1.461, 364, 
0.041, 0.897, 365, 
0.048, 1.173, 366, 
0.051, 1.390, 367, 
0.065, 2.449, 368, 
0.029, 0.972, 369, 
-0.026, 2.858, 370, 
0.046, 1.494, 371, 
0.046, 1.755, 372, 
0.071, 1.794, 373, 
0.061, 1.426, 374, 
0.098, 1.606, 375, 
0.058, 0.933, 376, 
0.080, 1.957, 377, 
0.017, 1.472, 378, 
0.051, 1.673, 379, 
0.052, 1.101, 380, 
0.081, 1.017, 381, 
0.037, 1.744, 382, 
0.038, 2.200, 383, 
0.020, 0.933, 384, 
0.043, 0.819, 385, 
0.048, 1.744, 386, 
0.045, 1.005, 387, 
0.100, 1.835, 388, 
0.057, 1.992, 389, 
0.068, 1.132, 390, 
0.053, 1.321, 391, 
0.042, 1.342, 392, 
0.047, 1.409, 393, 
0.030, 1.005, 394, 
0.029, 2.273, 395, 
0.059, 2.394, 396, 
0.043, 1.438, 397, 
0.053, 1.751, 398, 
0.074, 1.797, 399, 
0.027, 1.008, 400, 
0.039, 1.016, 401, 
0.077, 1.360, 402, 
0.077, 1.926, 403, 
0.062, 2.039, 404, 
0.036, 1.709, 405, 
0.042, 1.492, 406, 
0.072, 1.672, 407, 
0.073, 1.504, 408, 
0.055, 1.493, 409, 
-0.002, 3.276, 410, 
0.040, 0.961, 411, 
0.020, 1.384, 412, 
0.007, 2.416, 413, 
0.037, 1.360, 414, 
0.075, 1.120, 415, 
0.038, 1.027, 416, 
0.058, 1.496, 417, 
0.027, 1.005, 418, 
0.038, 1.005, 419, 
0.009, 2.413, 420, 
0.009, 1.065, 421, 
0.087, 1.412, 422, 
0.047, 0.833, 423, 
0.065, 1.478, 424, 
0.066, 1.907, 425, 
0.051, 1.595, 426, 
0.018, 1.258, 427, 
0.057, 2.272, 428, 
0.087, 1.439, 429, 
0.038, 1.329, 430, 
0.065, 1.527, 431, 
0.074, 1.489, 432, 
0.048, 1.561, 433, 
0.042, 0.981, 434, 
0.040, 0.833, 435, 
0.044, 1.341, 436, 
0.053, 2.074, 437, 
0.077, 1.895, 438, 
0.066, 1.314, 439, 
0.080, 1.277, 440, 
0.096, 1.277, 441, 
0.068, 1.438, 442, 
0.095, 1.537, 443, 
0.042, 1.017, 444, 
0.040, 1.589, 445, 
0.032, 2.459, 446, 
0.076, 1.594, 447, 
0.103, 1.261, 448, 
0.034, 1.465, 449, 
0.116, 1.709, 450, 
0.054, 1.601, 451, 
0.022, 1.739, 452, 
0.043, 1.009, 453, 
0.086, 3.332, 454, 
0.089, 1.372, 455, 
0.041, 1.136, 456, 
0.041, 1.309, 457, 
0.076, 1.591, 458, 
0.044, 1.102, 459, 
-0.019, 2.922, 460, 
0.018, 1.068, 461, 
0.057, 1.440, 462, 
0.060, 3.361, 463, 
0.016, 1.160, 464, 
0.036, 0.970, 465, 
0.059, 2.757, 466, 
0.061, 2.032, 467, 
0.051, 1.773, 468, 
0.017, 0.891, 469, 
0.065, 1.193, 470, 
0.045, 1.761, 471, 
0.043, 0.821, 472, 
0.038, 1.105, 473, 
0.056, 2.641, 474, 
0.080, 1.885, 475, 
-0.002, 1.123, 476, 
0.044, 0.819, 477, 
0.050, 1.736, 478, 
0.019, 2.655, 479, 
0.082, 1.601, 480, 
0.039, 1.172, 481, 
0.023, 1.147, 482, 
0.066, 1.230, 483, 
0.098, 2.115, 484, 
0.007, 2.144, 485, 
0.058, 1.469, 486, 
0.028, 1.150, 487, 
0.046, 1.672, 488, 
0.015, 0.816, 489, 
0.080, 3.339, 490, 
0.069, 1.445, 491, 
0.026, 1.258, 492, 
0.028, 1.643, 493, 
0.033, 1.750, 494, 
0.068, 1.369, 495, 
0.102, 1.834, 496, 
0.040, 0.988, 497, 
0.033, 1.110, 498, 
0.051, 2.197, 499, 
0.039, 1.373, 500, 
0.036, 0.960, 501, 
0.069, 1.442, 502, 
0.036, 1.084, 503, 
0.044, 1.874, 504, 
0.057, 1.174, 505, 
0.044, 0.962, 506, 
0.036, 1.097, 507, 
0.090, 1.849, 508, 
0.052, 1.203, 509, 
0.014, 1.941, 510, 
0.051, 1.583, 511, 
0.069, 1.122, 512, 
0.057, 1.192, 513, 
0.048, 1.818, 514, 
0.056, 1.191, 515, 
0.088, 2.554, 516, 
0.041, 1.371, 517, 
0.054, 1.475, 518, 
0.046, 0.982, 519, 
0.016, 1.636, 520, 
0.008, 1.063, 521, 
0.024, 0.887, 522, 
0.067, 1.368, 523, 
0.077, 1.618, 524, 
0.037, 1.331, 525, 
0.046, 1.586, 526, 
0.050, 1.234, 527, 
