mean,std,episode,x
-0.002, 0.474, 1, 
0.015, 0.604, 2, 
0.003, 0.968, 3, 
0.010, 0.879, 4, 
-0.027, 0.678, 5, 
0.012, 0.560, 6, 
-0.003, 0.680, 7, 
-0.001, 0.830, 8, 
0.002, 0.444, 9, 
0.007, 0.723, 10, 
0.009, 0.778, 11, 
-0.008, 0.855, 12, 
0.006, 0.609, 13, 
-0.005, 0.912, 14, 
0.001, 0.848, 15, 
-0.022, 0.760, 16, 
-0.001, 0.629, 17, 
0.017, 0.642, 18, 
-0.003, 0.610, 19, 
0.035, 1.093, 20, 
0.022, 0.991, 21, 
0.004, 1.042, 22, 
0.013, 0.674, 23, 
0.011, 0.798, 24, 
-0.022, 0.711, 25, 
0.008, 0.659, 26, 
0.003, 0.723, 27, 
0.010, 1.064, 28, 
0.048, 1.043, 29, 
-0.009, 0.665, 30, 
0.022, 0.645, 31, 
0.010, 0.582, 32, 
-0.006, 1.259, 33, 
0.008, 1.030, 34, 
0.023, 1.457, 35, 
0.011, 1.107, 36, 
-0.007, 0.964, 37, 
0.039, 0.913, 38, 
0.018, 2.073, 39, 
0.016, 0.779, 40, 
0.009, 0.695, 41, 
-0.000, 0.956, 42, 
0.020, 0.653, 43, 
-0.007, 1.348, 44, 
0.016, 0.783, 45, 
0.025, 0.677, 46, 
-0.009, 1.318, 47, 
0.039, 0.916, 48, 
0.015, 0.753, 49, 
0.050, 1.292, 50, 
0.009, 0.929, 51, 
0.005, 0.953, 52, 
0.024, 0.933, 53, 
-0.001, 1.169, 54, 
0.014, 0.848, 55, 
0.024, 1.321, 56, 
0.010, 0.776, 57, 
0.049, 0.964, 58, 
0.052, 1.247, 59, 
0.025, 0.850, 60, 
0.030, 0.861, 61, 
0.041, 0.916, 62, 
0.019, 2.025, 63, 
0.023, 1.308, 64, 
0.010, 2.384, 65, 
0.027, 0.818, 66, 
0.031, 0.700, 67, 
0.022, 1.067, 68, 
0.020, 1.461, 69, 
0.033, 0.926, 70, 
-0.014, 1.512, 71, 
0.014, 0.993, 72, 
0.042, 1.241, 73, 
0.012, 0.805, 74, 
0.035, 1.426, 75, 
0.042, 1.623, 76, 
0.017, 1.394, 77, 
0.014, 0.951, 78, 
0.024, 1.393, 79, 
0.030, 1.338, 80, 
0.028, 1.569, 81, 
0.030, 1.422, 82, 
0.028, 0.832, 83, 
0.042, 0.987, 84, 
-0.008, 0.857, 85, 
0.029, 1.021, 86, 
0.025, 1.319, 87, 
0.049, 1.213, 88, 
0.060, 0.946, 89, 
0.062, 1.783, 90, 
0.045, 1.056, 91, 
0.041, 1.173, 92, 
0.016, 0.958, 93, 
0.037, 0.775, 94, 
0.054, 1.341, 95, 
0.044, 1.109, 96, 
0.022, 2.094, 97, 
0.047, 1.513, 98, 
0.029, 1.689, 99, 
0.012, 1.309, 100, 
0.054, 1.422, 101, 
0.053, 1.413, 102, 
0.003, 1.171, 103, 
0.042, 1.311, 104, 
0.021, 1.617, 105, 
0.033, 1.318, 106, 
0.074, 1.110, 107, 
0.032, 1.220, 108, 
0.052, 1.024, 109, 
0.039, 1.495, 110, 
0.038, 1.053, 111, 
0.049, 1.157, 112, 
0.033, 1.301, 113, 
0.045, 1.389, 114, 
0.053, 1.037, 115, 
0.021, 1.375, 116, 
0.029, 0.914, 117, 
0.054, 1.153, 118, 
0.062, 1.319, 119, 
0.050, 1.629, 120, 
0.013, 1.001, 121, 
0.021, 1.435, 122, 
0.036, 1.405, 123, 
0.063, 1.514, 124, 
0.000, 1.359, 125, 
0.017, 0.727, 126, 
0.018, 0.891, 127, 
0.052, 0.910, 128, 
0.043, 1.098, 129, 
0.061, 1.517, 130, 
0.055, 1.039, 131, 
0.067, 1.567, 132, 
0.011, 1.670, 133, 
0.041, 1.667, 134, 
0.041, 1.326, 135, 
0.049, 1.453, 136, 
0.050, 1.686, 137, 
0.011, 1.644, 138, 
0.028, 0.788, 139, 
0.050, 1.394, 140, 
0.022, 1.711, 141, 
0.061, 1.256, 142, 
0.058, 1.601, 143, 
0.046, 1.282, 144, 
0.037, 1.524, 145, 
0.037, 1.140, 146, 
0.031, 0.824, 147, 
0.024, 0.957, 148, 
0.061, 1.046, 149, 
0.040, 1.616, 150, 
0.082, 1.192, 151, 
0.028, 0.653, 152, 
0.026, 0.792, 153, 
0.039, 1.692, 154, 
0.042, 0.926, 155, 
0.051, 1.185, 156, 
0.023, 0.869, 157, 
0.025, 1.060, 158, 
0.019, 1.443, 159, 
0.041, 1.747, 160, 
0.096, 1.487, 161, 
0.038, 0.751, 162, 
0.023, 1.757, 163, 
0.009, 1.288, 164, 
0.048, 1.706, 165, 
-0.003, 1.109, 166, 
0.063, 1.500, 167, 
0.024, 1.336, 168, 
0.021, 1.116, 169, 
0.028, 0.821, 170, 
0.035, 1.777, 171, 
0.025, 1.136, 172, 
0.039, 0.799, 173, 
0.027, 1.324, 174, 
0.026, 1.111, 175, 
0.041, 1.278, 176, 
0.015, 0.906, 177, 
0.067, 1.183, 178, 
0.029, 1.605, 179, 
0.033, 1.383, 180, 
0.053, 1.070, 181, 
0.008, 1.375, 182, 
0.016, 0.901, 183, 
0.042, 1.277, 184, 
0.027, 1.767, 185, 
0.033, 1.135, 186, 
0.039, 1.386, 187, 
0.039, 0.713, 188, 
0.018, 1.042, 189, 
0.032, 1.449, 190, 
0.027, 0.943, 191, 
0.031, 1.112, 192, 
0.057, 1.078, 193, 
0.044, 0.921, 194, 
0.062, 0.965, 195, 
0.009, 1.598, 196, 
0.046, 1.417, 197, 
0.028, 1.311, 198, 
0.040, 0.914, 199, 
0.072, 1.738, 200, 
0.037, 2.048, 201, 
0.071, 1.500, 202, 
0.005, 1.184, 203, 
0.041, 1.090, 204, 
0.044, 1.674, 205, 
0.055, 0.845, 206, 
0.043, 0.957, 207, 
0.031, 0.661, 208, 
0.027, 0.777, 209, 
0.011, 1.003, 210, 
0.049, 1.178, 211, 
0.050, 1.221, 212, 
0.029, 1.221, 213, 
0.054, 2.750, 214, 
0.037, 0.856, 215, 
0.070, 1.191, 216, 
0.041, 1.631, 217, 
0.021, 2.181, 218, 
0.047, 1.123, 219, 
0.022, 1.378, 220, 
0.025, 1.230, 221, 
0.047, 1.220, 222, 
0.054, 1.450, 223, 
0.066, 1.310, 224, 
0.028, 2.149, 225, 
0.055, 1.846, 226, 
0.028, 0.860, 227, 
0.031, 1.230, 228, 
0.071, 1.116, 229, 
0.012, 0.887, 230, 
0.038, 1.305, 231, 
0.049, 1.029, 232, 
0.026, 1.191, 233, 
0.049, 1.533, 234, 
0.052, 1.606, 235, 
0.017, 0.902, 236, 
0.041, 1.215, 237, 
0.035, 1.161, 238, 
0.042, 1.026, 239, 
0.042, 1.461, 240, 
0.040, 1.451, 241, 
0.031, 0.806, 242, 
0.014, 0.743, 243, 
0.073, 1.460, 244, 
0.060, 1.089, 245, 
0.022, 1.116, 246, 
0.040, 1.203, 247, 
0.085, 1.171, 248, 
0.020, 1.149, 249, 
0.053, 1.803, 250, 
0.045, 1.261, 251, 
0.023, 1.262, 252, 
0.038, 0.651, 253, 
0.069, 1.024, 254, 
0.054, 1.415, 255, 
0.031, 1.416, 256, 
0.039, 1.676, 257, 
0.044, 0.945, 258, 
0.045, 1.182, 259, 
0.036, 1.143, 260, 
0.059, 1.371, 261, 
0.025, 1.086, 262, 
0.019, 0.784, 263, 
0.078, 1.035, 264, 
0.047, 1.071, 265, 
0.062, 1.149, 266, 
0.026, 1.356, 267, 
0.023, 1.122, 268, 
0.030, 0.931, 269, 
0.042, 0.877, 270, 
0.062, 1.596, 271, 
0.038, 1.383, 272, 
0.025, 0.958, 273, 
0.041, 1.149, 274, 
0.022, 0.893, 275, 
0.027, 1.453, 276, 
0.024, 0.972, 277, 
0.051, 1.091, 278, 
0.058, 1.174, 279, 
0.047, 1.198, 280, 
0.046, 1.521, 281, 
0.026, 1.235, 282, 
0.045, 1.112, 283, 
0.028, 0.796, 284, 
0.011, 0.878, 285, 
0.035, 1.334, 286, 
0.083, 1.141, 287, 
0.020, 0.946, 288, 
0.050, 1.346, 289, 
0.067, 1.279, 290, 
0.038, 1.210, 291, 
0.025, 0.816, 292, 
0.016, 1.356, 293, 
0.040, 0.847, 294, 
0.029, 1.274, 295, 
0.031, 0.970, 296, 
0.057, 1.495, 297, 
0.019, 1.321, 298, 
0.037, 1.177, 299, 
0.054, 2.299, 300, 
0.044, 0.916, 301, 
0.040, 0.682, 302, 
0.044, 1.054, 303, 
0.048, 1.102, 304, 
0.049, 0.797, 305, 
0.037, 0.922, 306, 
0.024, 0.720, 307, 
0.038, 0.817, 308, 
0.069, 1.282, 309, 
0.030, 1.216, 310, 
0.072, 1.358, 311, 
0.028, 1.312, 312, 
0.069, 1.518, 313, 
0.058, 1.219, 314, 
0.040, 1.119, 315, 
0.050, 1.373, 316, 
0.081, 2.125, 317, 
0.050, 1.047, 318, 
0.062, 1.690, 319, 
0.051, 0.972, 320, 
0.038, 1.241, 321, 
0.025, 1.473, 322, 
0.035, 1.574, 323, 
0.013, 1.670, 324, 
0.060, 1.068, 325, 
0.045, 1.685, 326, 
0.052, 1.390, 327, 
0.086, 1.504, 328, 
0.044, 1.208, 329, 
0.049, 1.345, 330, 
0.070, 1.227, 331, 
0.045, 1.346, 332, 
0.024, 0.993, 333, 
0.015, 1.244, 334, 
0.045, 1.742, 335, 
0.056, 1.289, 336, 
0.029, 0.937, 337, 
0.040, 1.091, 338, 
0.081, 1.620, 339, 
0.049, 1.350, 340, 
0.055, 1.223, 341, 
0.010, 1.331, 342, 
0.041, 1.186, 343, 
0.029, 0.664, 344, 
0.065, 1.504, 345, 
0.049, 1.068, 346, 
0.051, 1.299, 347, 
0.040, 0.954, 348, 
0.021, 0.919, 349, 
0.021, 0.756, 350, 
0.049, 1.250, 351, 
0.019, 1.238, 352, 
0.020, 1.501, 353, 
0.081, 1.091, 354, 
0.037, 1.613, 355, 
0.026, 0.827, 356, 
0.017, 1.586, 357, 
0.020, 1.127, 358, 
0.026, 1.121, 359, 
0.044, 1.042, 360, 
0.044, 1.245, 361, 
0.020, 1.479, 362, 
0.031, 0.969, 363, 
0.040, 1.141, 364, 
0.037, 1.213, 365, 
0.036, 1.449, 366, 
0.045, 1.342, 367, 
0.075, 1.621, 368, 
0.073, 1.564, 369, 
0.045, 1.082, 370, 
0.010, 1.430, 371, 
0.055, 1.153, 372, 
0.063, 1.948, 373, 
0.060, 0.955, 374, 
0.034, 2.797, 375, 
0.040, 0.861, 376, 
0.059, 1.243, 377, 
0.022, 0.926, 378, 
0.056, 1.628, 379, 
0.019, 0.830, 380, 
0.033, 0.822, 381, 
0.025, 0.731, 382, 
0.059, 1.580, 383, 
0.039, 1.338, 384, 
0.068, 1.426, 385, 
0.033, 1.398, 386, 
0.052, 0.892, 387, 
0.051, 1.213, 388, 
0.074, 1.211, 389, 
0.020, 0.967, 390, 
0.059, 1.487, 391, 
0.062, 1.230, 392, 
0.055, 1.155, 393, 
0.019, 0.968, 394, 
0.027, 2.218, 395, 
0.038, 1.262, 396, 
0.025, 1.137, 397, 
0.044, 1.334, 398, 
0.033, 2.068, 399, 
0.048, 1.171, 400, 
0.047, 1.232, 401, 
0.067, 1.089, 402, 
0.035, 1.409, 403, 
0.035, 1.570, 404, 
0.046, 1.211, 405, 
0.048, 1.037, 406, 
0.024, 1.205, 407, 
0.050, 1.426, 408, 
0.033, 1.573, 409, 
0.016, 0.799, 410, 
0.057, 1.759, 411, 
0.034, 0.977, 412, 
0.020, 1.413, 413, 
0.030, 1.490, 414, 
0.056, 1.386, 415, 
0.038, 0.973, 416, 
0.029, 1.587, 417, 
0.008, 1.192, 418, 
0.051, 1.465, 419, 
0.018, 0.752, 420, 
0.049, 1.567, 421, 
0.065, 1.079, 422, 
0.044, 1.090, 423, 
0.066, 1.485, 424, 
0.030, 0.981, 425, 
0.057, 1.241, 426, 
0.068, 1.573, 427, 
0.052, 2.182, 428, 
0.046, 1.001, 429, 
0.074, 1.808, 430, 
0.061, 1.074, 431, 
0.032, 1.539, 432, 
0.056, 1.420, 433, 
0.035, 1.345, 434, 
0.043, 1.094, 435, 
0.051, 1.348, 436, 
0.066, 1.092, 437, 
0.056, 1.266, 438, 
0.032, 1.398, 439, 
0.034, 1.092, 440, 
0.031, 0.677, 441, 
0.039, 1.674, 442, 
0.039, 1.240, 443, 
0.029, 0.979, 444, 
0.028, 1.203, 445, 
0.016, 0.981, 446, 
0.059, 1.386, 447, 
0.034, 0.796, 448, 
0.045, 1.002, 449, 
0.067, 1.662, 450, 
0.052, 1.252, 451, 
0.044, 0.956, 452, 
0.039, 1.227, 453, 
0.075, 1.506, 454, 
0.053, 1.733, 455, 
0.045, 1.072, 456, 
0.049, 1.213, 457, 
0.073, 1.882, 458, 
0.076, 1.720, 459, 
0.040, 1.012, 460, 
0.062, 1.317, 461, 
0.041, 1.001, 462, 
0.042, 1.016, 463, 
0.020, 1.251, 464, 
0.031, 1.096, 465, 
0.023, 0.874, 466, 
0.046, 0.996, 467, 
0.021, 0.991, 468, 
0.041, 1.087, 469, 
0.043, 1.114, 470, 
0.042, 0.788, 471, 
0.053, 1.508, 472, 
0.068, 1.190, 473, 
0.042, 0.867, 474, 
0.026, 1.039, 475, 
0.092, 2.142, 476, 
0.023, 0.831, 477, 
0.040, 1.492, 478, 
0.032, 0.698, 479, 
0.027, 1.237, 480, 
0.039, 2.193, 481, 
0.058, 1.093, 482, 
0.025, 1.057, 483, 
0.020, 0.982, 484, 
0.064, 1.226, 485, 
0.025, 1.100, 486, 
0.057, 1.206, 487, 
0.042, 2.175, 488, 
0.032, 0.942, 489, 
0.034, 2.188, 490, 
0.015, 2.019, 491, 
0.025, 0.667, 492, 
0.051, 1.361, 493, 
0.041, 1.497, 494, 
0.022, 0.714, 495, 
0.041, 1.354, 496, 
0.038, 1.147, 497, 
0.061, 1.106, 498, 
0.041, 1.488, 499, 
0.076, 1.355, 500, 
0.056, 1.283, 501, 
0.054, 1.557, 502, 
0.037, 0.817, 503, 
0.052, 1.930, 504, 
0.041, 1.012, 505, 
0.042, 1.477, 506, 
0.046, 1.327, 507, 
0.037, 0.861, 508, 
0.034, 1.186, 509, 
0.043, 1.228, 510, 
0.026, 1.363, 511, 
0.045, 1.340, 512, 
0.019, 1.101, 513, 
0.035, 2.158, 514, 
0.017, 0.750, 515, 
0.031, 0.780, 516, 
0.095, 1.505, 517, 
0.041, 1.355, 518, 
0.036, 0.999, 519, 
0.025, 0.667, 520, 
0.022, 1.030, 521, 
0.030, 1.277, 522, 
0.037, 0.973, 523, 
0.049, 1.591, 524, 
0.021, 1.044, 525, 
0.016, 0.940, 526, 
0.050, 1.240, 527, 
0.033, 1.262, 528, 
0.042, 1.096, 529, 
0.009, 2.191, 530, 
0.027, 0.678, 531, 
0.056, 1.264, 532, 
0.056, 1.207, 533, 
0.049, 1.318, 534, 
0.035, 1.004, 535, 
0.023, 1.411, 536, 
0.061, 1.432, 537, 
0.027, 0.678, 538, 
0.028, 0.730, 539, 
0.034, 1.020, 540, 
0.035, 1.168, 541, 
0.075, 1.093, 542, 
0.079, 1.370, 543, 
0.028, 1.135, 544, 
0.016, 0.941, 545, 
0.038, 1.053, 546, 
0.021, 0.714, 547, 
0.031, 1.362, 548, 
0.044, 1.232, 549, 
0.056, 2.022, 550, 
0.025, 1.399, 551, 
0.031, 1.462, 552, 
0.051, 1.571, 553, 
0.015, 1.077, 554, 
0.030, 1.739, 555, 
0.029, 1.347, 556, 
0.029, 1.354, 557, 
0.057, 1.292, 558, 
0.037, 1.436, 559, 
0.061, 1.576, 560, 
0.027, 0.705, 561, 
0.057, 1.233, 562, 
0.034, 1.173, 563, 
0.033, 1.184, 564, 
0.023, 0.831, 565, 
0.044, 1.525, 566, 
0.005, 1.187, 567, 
0.044, 1.407, 568, 
0.057, 1.453, 569, 
0.051, 1.419, 570, 
0.058, 1.606, 571, 
0.057, 1.075, 572, 
0.053, 1.399, 573, 
0.031, 1.405, 574, 
0.028, 1.404, 575, 
0.034, 1.173, 576, 
0.018, 1.516, 577, 
0.099, 1.504, 578, 
0.024, 0.983, 579, 
0.044, 2.320, 580, 
0.040, 1.716, 581, 
0.030, 1.278, 582, 
0.033, 1.174, 583, 
0.048, 1.280, 584, 
0.044, 1.240, 585, 
0.020, 2.681, 586, 
0.037, 1.610, 587, 
0.025, 1.100, 588, 
0.038, 1.163, 589, 
0.016, 1.335, 590, 
0.034, 1.103, 591, 
0.060, 1.784, 592, 
0.035, 1.021, 593, 
0.038, 1.201, 594, 
0.010, 1.191, 595, 
0.032, 0.701, 596, 
0.045, 1.117, 597, 
0.041, 0.961, 598, 
0.028, 0.879, 599, 
0.028, 1.499, 600, 
0.056, 1.207, 601, 
0.025, 1.100, 602, 
0.016, 1.335, 603, 
0.020, 0.958, 604, 
0.054, 1.157, 605, 
0.024, 0.983, 606, 
0.020, 0.995, 607, 
0.040, 1.483, 608, 
0.020, 0.798, 609, 
0.030, 1.226, 610, 
0.034, 1.014, 611, 
0.042, 1.721, 612, 
0.026, 0.784, 613, 
0.025, 1.498, 614, 
0.043, 1.570, 615, 
0.075, 1.093, 616, 
0.047, 1.939, 617, 
0.036, 0.973, 618, 
0.053, 1.802, 619, 
0.021, 1.092, 620, 
0.028, 1.499, 621, 
0.026, 0.939, 622, 
0.042, 1.736, 623, 
0.047, 1.939, 624, 
0.035, 1.015, 625, 
0.052, 1.654, 626, 
0.088, 2.300, 627, 
0.012, 0.990, 628, 
0.026, 1.530, 629, 
0.037, 0.999, 630, 
0.039, 1.053, 631, 
0.034, 0.846, 632, 
0.029, 1.660, 633, 
0.040, 0.942, 634, 
0.053, 1.348, 635, 
0.049, 1.244, 636, 
0.049, 1.591, 637, 
0.028, 1.496, 638, 
0.021, 1.044, 639, 
0.039, 0.797, 640, 
0.040, 1.206, 641, 
0.037, 1.188, 642, 
0.056, 1.075, 643, 
0.016, 0.968, 644, 
0.059, 1.321, 645, 
0.052, 1.099, 646, 
0.060, 1.579, 647, 
0.008, 1.195, 648, 
0.050, 1.455, 649, 
0.051, 1.494, 650, 
0.038, 1.198, 651, 
0.028, 1.499, 652, 
0.034, 1.230, 653, 
0.013, 1.532, 654, 
0.045, 2.201, 655, 
0.008, 1.195, 656, 
0.057, 1.371, 657, 
0.043, 1.180, 658, 
0.028, 1.135, 659, 
0.053, 1.592, 660, 
0.037, 1.359, 661, 
0.042, 1.126, 662, 
0.021, 1.044, 663, 
0.030, 1.438, 664, 
0.050, 1.091, 665, 
0.028, 1.373, 666, 
0.045, 1.940, 667, 
0.027, 0.911, 668, 
0.030, 0.981, 669, 
0.018, 0.824, 670, 
0.012, 0.990, 671, 
0.056, 1.386, 672, 
0.020, 1.654, 673, 
0.031, 0.869, 674, 
0.064, 1.509, 675, 
0.069, 1.730, 676, 
0.028, 1.480, 677, 
0.023, 0.831, 678, 
0.056, 1.630, 679, 
0.039, 0.797, 680, 
0.030, 0.943, 681, 
0.016, 0.968, 682, 
0.035, 0.975, 683, 
0.016, 1.122, 684, 
0.027, 1.864, 685, 
0.019, 1.420, 686, 
0.025, 1.481, 687, 
0.070, 1.730, 688, 
0.016, 1.334, 689, 
0.056, 1.207, 690, 
0.037, 1.359, 691, 
0.037, 0.973, 692, 
0.031, 1.417, 693, 
0.054, 1.080, 694, 
0.033, 1.723, 695, 
0.030, 1.007, 696, 
0.061, 1.363, 697, 
0.042, 1.431, 698, 
0.059, 1.525, 699, 
0.030, 1.188, 700, 
0.031, 0.869, 701, 
0.026, 1.058, 702, 
0.032, 1.230, 703, 
0.046, 1.247, 704, 
0.034, 1.363, 705, 
0.048, 1.257, 706, 
0.042, 1.529, 707, 
0.023, 1.656, 708, 
0.054, 2.792, 709, 
0.022, 1.091, 710, 
0.037, 0.862, 711, 
0.050, 1.240, 712, 
0.040, 1.735, 713, 
0.074, 1.451, 714, 
0.060, 1.322, 715, 
0.105, 1.441, 716, 
0.055, 1.157, 717, 
0.065, 1.231, 718, 
0.013, 1.691, 719, 
0.054, 1.080, 720, 
0.037, 1.020, 721, 
0.012, 1.535, 722, 
0.040, 1.206, 723, 
0.044, 1.937, 724, 
0.046, 1.237, 725, 
0.036, 1.496, 726, 
0.048, 1.353, 727, 
0.020, 0.995, 728, 
0.035, 1.099, 729, 
0.052, 1.099, 730, 
0.052, 1.030, 731, 
0.021, 1.656, 732, 
0.034, 1.151, 733, 
0.033, 1.262, 734, 
0.020, 0.798, 735, 
0.043, 1.500, 736, 
0.046, 1.939, 737, 
0.044, 1.874, 738, 
0.032, 1.260, 739, 
0.056, 1.075, 740, 
0.031, 1.520, 741, 
0.044, 0.944, 742, 
0.013, 1.530, 743, 
0.098, 2.145, 744, 
0.032, 1.456, 745, 
0.071, 1.728, 746, 
0.017, 1.116, 747, 
0.053, 1.169, 748, 
0.052, 1.142, 749, 
0.016, 0.968, 750, 
0.045, 1.420, 751, 
0.026, 1.005, 752, 
0.018, 0.996, 753, 
0.037, 1.020, 754, 
0.037, 0.943, 755, 
0.024, 0.732, 756, 
-0.005, 2.035, 757, 
0.018, 1.516, 758, 
0.046, 1.714, 759, 
0.052, 1.099, 760, 
0.030, 0.860, 761, 
0.049, 1.280, 762, 
-0.007, 2.529, 763, 
0.054, 2.792, 764, 
0.024, 0.983, 765, 
0.027, 0.911, 766, 
0.034, 1.360, 767, 
0.036, 1.152, 768, 
0.019, 0.879, 769, 
0.037, 0.916, 770, 
0.065, 1.231, 771, 
0.041, 0.961, 772, 
0.028, 0.879, 773, 
0.025, 1.486, 774, 
0.033, 1.169, 775, 
0.044, 1.259, 776, 
0.033, 1.230, 777, 
0.045, 1.002, 778, 
0.056, 1.207, 779, 
0.021, 1.044, 780, 
0.056, 1.075, 781, 
0.010, 0.951, 782, 
0.027, 1.498, 783, 
0.024, 0.732, 784, 
0.019, 0.879, 785, 
0.028, 0.730, 786, 
0.017, 0.998, 787, 
0.033, 1.262, 788, 
0.048, 1.257, 789, 
0.033, 0.961, 790, 
0.028, 1.663, 791, 
0.027, 0.947, 792, 
0.022, 0.985, 793, 
0.036, 0.999, 794, 
0.036, 0.999, 795, 
0.033, 1.262, 796, 
0.024, 1.230, 797, 
0.027, 1.150, 798, 
0.054, 1.353, 799, 
0.034, 1.099, 800, 
0.019, 0.879, 801, 
0.043, 0.699, 802, 
0.029, 1.247, 803, 
0.030, 1.141, 804, 
0.028, 1.493, 805, 
0.042, 1.230, 806, 
0.035, 1.573, 807, 
0.044, 1.762, 808, 
0.032, 1.439, 809, 
0.035, 0.975, 810, 
0.036, 1.152, 811, 
0.025, 1.138, 812, 
0.030, 0.981, 813, 
0.024, 1.230, 814, 
0.056, 1.075, 815, 
0.044, 1.180, 816, 
0.044, 1.874, 817, 
0.053, 1.171, 818, 
0.041, 1.096, 819, 
0.024, 0.983, 820, 
0.042, 0.960, 821, 
0.036, 0.999, 822, 
0.025, 1.100, 823, 
0.029, 0.822, 824, 
0.020, 0.958, 825, 
0.062, 1.234, 826, 
0.036, 2.066, 827, 
0.031, 1.417, 828, 
0.034, 0.846, 829, 
0.043, 1.180, 830, 
0.048, 1.457, 831, 
0.032, 1.648, 832, 
0.029, 1.247, 833, 
0.047, 2.212, 834, 
0.020, 1.504, 835, 
0.011, 0.911, 836, 
0.023, 0.698, 837, 
0.045, 2.212, 838, 
0.044, 1.341, 839, 
0.051, 0.891, 840, 
0.064, 1.509, 841, 
0.043, 1.500, 842, 
0.037, 1.920, 843, 
0.021, 0.714, 844, 
0.049, 1.280, 845, 
0.042, 2.185, 846, 
0.042, 1.275, 847, 
0.044, 1.579, 848, 
0.052, 1.312, 849, 
0.048, 1.411, 850, 
0.044, 1.874, 851, 
0.040, 1.206, 852, 
0.057, 0.871, 853, 
0.029, 1.500, 854, 
0.105, 1.441, 855, 
0.041, 0.961, 856, 
0.027, 0.911, 857, 
0.037, 1.404, 858, 
0.028, 1.135, 859, 
0.037, 1.092, 860, 
0.054, 1.157, 861, 
0.096, 1.506, 862, 
0.068, 1.212, 863, 
0.037, 1.400, 864, 
0.020, 2.217, 865, 
0.057, 1.371, 866, 
0.034, 0.846, 867, 
0.057, 1.386, 868, 
0.038, 1.498, 869, 
0.028, 1.748, 870, 
0.017, 0.998, 871, 
0.019, 0.879, 872, 
0.031, 1.362, 873, 
0.055, 1.631, 874, 
0.034, 1.132, 875, 
0.044, 1.874, 876, 
0.025, 1.138, 877, 
0.054, 1.292, 878, 
0.020, 1.662, 879, 
0.030, 1.188, 880, 
0.037, 1.359, 881, 
0.035, 0.970, 882, 
0.035, 1.573, 883, 
0.025, 1.482, 884, 
0.037, 0.943, 885, 
0.035, 0.970, 886, 
0.037, 1.404, 887, 
0.064, 1.810, 888, 
0.028, 1.663, 889, 
0.028, 1.349, 890, 
0.035, 0.970, 891, 
0.042, 1.529, 892, 
0.017, 0.941, 893, 
0.024, 0.768, 894, 
0.061, 2.369, 895, 
0.066, 1.559, 896, 
0.064, 1.810, 897, 
0.043, 0.839, 898, 
0.069, 1.211, 899, 
0.037, 1.400, 900, 
0.027, 0.705, 901, 
0.048, 1.319, 902, 
0.039, 0.873, 903, 
0.021, 1.504, 904, 
0.033, 1.169, 905, 
0.065, 1.230, 906, 
0.051, 1.621, 907, 
0.023, 1.515, 908, 
0.015, 1.334, 909, 
0.014, 1.099, 910, 
0.031, 1.461, 911, 
0.028, 1.163, 912, 
0.033, 1.492, 913, 
0.026, 0.938, 914, 
0.047, 1.306, 915, 
0.041, 1.022, 916, 
0.013, 0.989, 917, 
0.042, 1.703, 918, 
0.029, 2.177, 919, 
0.024, 0.831, 920, 
0.043, 1.126, 921, 
0.030, 1.863, 922, 
0.053, 1.131, 923, 
0.032, 1.355, 924, 
0.045, 1.478, 925, 
0.031, 1.535, 926, 
0.029, 1.275, 927, 
0.049, 1.257, 928, 
0.033, 1.520, 929, 
0.023, 0.698, 930, 
0.051, 1.071, 931, 
0.060, 1.487, 932, 
0.014, 1.253, 933, 
0.029, 1.140, 934, 
0.049, 1.352, 935, 
0.040, 0.872, 936, 
0.015, 1.254, 937, 
0.022, 1.732, 938, 
0.030, 0.943, 939, 
0.025, 1.110, 940, 
0.031, 1.462, 941, 
0.078, 1.369, 942, 
0.033, 1.724, 943, 
0.027, 1.373, 944, 
0.046, 1.431, 945, 
0.017, 0.753, 946, 
0.050, 1.622, 947, 
0.055, 1.142, 948, 
0.035, 1.004, 949, 
0.015, 1.693, 950, 
0.023, 0.985, 951, 
0.012, 0.990, 952, 
0.022, 1.031, 953, 
0.038, 1.201, 954, 
0.051, 1.312, 955, 
0.016, 0.968, 956, 
0.054, 2.791, 957, 
0.039, 1.053, 958, 
0.045, 1.116, 959, 
0.040, 1.013, 960, 
0.058, 1.558, 961, 
0.048, 0.829, 962, 
0.026, 0.997, 963, 
0.062, 2.775, 964, 
0.034, 0.968, 965, 
0.029, 1.093, 966, 
0.020, 0.941, 967, 
0.070, 1.587, 968, 
0.022, 1.311, 969, 
0.035, 1.215, 970, 
0.033, 1.308, 971, 
0.040, 0.943, 972, 
0.019, 0.922, 973, 
0.025, 1.458, 974, 
0.048, 1.654, 975, 
0.044, 1.475, 976, 
0.032, 0.904, 977, 
0.031, 0.770, 978, 
0.005, 1.016, 979, 
0.041, 0.915, 980, 
0.028, 1.936, 981, 
0.012, 0.876, 982, 
0.055, 1.506, 983, 
0.045, 1.326, 984, 
0.048, 1.403, 985, 
0.030, 1.198, 986, 
0.061, 1.188, 987, 
0.055, 1.192, 988, 
0.047, 0.962, 989, 
0.045, 1.378, 990, 
0.025, 0.884, 991, 
0.055, 1.343, 992, 
0.034, 1.685, 993, 
0.043, 1.193, 994, 
0.045, 0.999, 995, 
0.038, 1.250, 996, 
0.036, 1.494, 997, 
0.029, 0.836, 998, 
0.057, 1.530, 999, 
0.032, 0.863, 1000, 
0.018, 1.485, 1001, 
0.024, 0.915, 1002, 
0.031, 0.858, 1003, 
0.027, 0.656, 1004, 
0.046, 1.209, 1005, 
0.029, 1.238, 1006, 
0.049, 1.144, 1007, 
0.021, 0.927, 1008, 
0.021, 1.024, 1009, 
0.041, 2.085, 1010, 
0.029, 0.935, 1011, 
0.041, 0.985, 1012, 
0.041, 1.414, 1013, 
0.060, 1.306, 1014, 
0.041, 1.182, 1015, 
0.017, 0.817, 1016, 
0.043, 1.203, 1017, 
0.039, 1.250, 1018, 
0.073, 1.083, 1019, 
0.050, 1.435, 1020, 
0.033, 1.149, 1021, 
0.029, 1.458, 1022, 
0.011, 1.497, 1023, 
0.072, 1.205, 1024, 
0.040, 1.845, 1025, 
0.040, 0.934, 1026, 
0.060, 2.015, 1027, 
0.033, 0.697, 1028, 
0.033, 1.595, 1029, 
0.046, 1.239, 1030, 
0.034, 1.558, 1031, 
0.020, 1.044, 1032, 
0.078, 1.436, 1033, 
0.033, 1.518, 1034, 
0.039, 2.063, 1035, 
0.071, 1.208, 1036, 
0.054, 1.152, 1037, 
0.036, 1.396, 1038, 
0.039, 1.200, 1039, 
0.019, 0.954, 1040, 
0.045, 2.238, 1041, 
0.039, 1.919, 1042, 
0.040, 0.873, 1043, 
0.033, 1.229, 1044, 
0.024, 0.830, 1045, 
0.025, 1.529, 1046, 
0.016, 1.335, 1047, 
0.029, 0.819, 1048, 
0.058, 1.480, 1049, 
0.042, 1.481, 1050, 
0.057, 1.578, 1051, 
0.035, 0.975, 1052, 
0.030, 1.141, 1053, 
0.058, 1.426, 1054, 
0.063, 1.549, 1055, 
0.026, 1.110, 1056, 
0.021, 0.798, 1057, 
0.025, 1.537, 1058, 
0.032, 1.171, 1059, 
0.056, 1.463, 1060, 
0.043, 0.838, 1061, 
0.063, 1.808, 1062, 
0.032, 0.823, 1063, 
0.023, 0.767, 1064, 
0.043, 1.273, 1065, 
0.016, 1.102, 1066, 
0.050, 1.083, 1067, 
0.038, 1.359, 1068, 
0.031, 1.215, 1069, 
0.044, 1.425, 1070, 
0.048, 1.074, 1071, 
0.022, 1.475, 1072, 
0.042, 2.170, 1073, 
0.040, 1.251, 1074, 
0.055, 1.273, 1075, 
0.031, 1.435, 1076, 
0.031, 1.275, 1077, 
0.032, 0.846, 1078, 
0.050, 1.311, 1079, 
0.036, 0.860, 1080, 
0.034, 1.167, 1081, 
0.019, 1.591, 1082, 
0.025, 0.782, 1083, 
0.051, 1.029, 1084, 
0.041, 1.735, 1085, 
0.043, 1.873, 1086, 
0.035, 2.093, 1087, 
0.053, 1.273, 1088, 
0.032, 0.809, 1089, 
0.017, 0.968, 1090, 
0.024, 0.830, 1091, 
0.027, 1.675, 1092, 
0.031, 0.809, 1093, 