mean,std,episode,x
-0.004, 0.885, 1, 
0.006, 0.714, 2, 
0.018, 1.329, 3, 
0.016, 0.934, 4, 
-0.008, 0.680, 5, 
-0.014, 1.025, 6, 
-0.018, 1.037, 7, 
0.006, 0.797, 8, 
-0.001, 0.917, 9, 
-0.007, 0.932, 10, 
0.012, 1.138, 11, 
-0.007, 0.800, 12, 
-0.005, 0.563, 13, 
0.023, 1.543, 14, 
0.011, 0.971, 15, 
-0.004, 0.684, 16, 
-0.005, 0.778, 17, 
0.001, 0.694, 18, 
0.009, 0.609, 19, 
-0.006, 0.887, 20, 
-0.018, 0.665, 21, 
-0.002, 0.805, 22, 
-0.020, 0.690, 23, 
-0.003, 0.860, 24, 
0.020, 0.566, 25, 
-0.015, 0.931, 26, 
0.009, 0.873, 27, 
0.008, 1.146, 28, 
0.012, 0.766, 29, 
0.053, 1.110, 30, 
0.017, 0.752, 31, 
0.011, 1.490, 32, 
0.009, 0.637, 33, 
0.011, 0.867, 34, 
-0.030, 0.798, 35, 
0.008, 0.483, 36, 
0.008, 1.107, 37, 
0.011, 0.922, 38, 
0.013, 1.051, 39, 
0.001, 0.585, 40, 
-0.016, 0.720, 41, 
-0.001, 1.019, 42, 
0.016, 0.748, 43, 
0.008, 0.935, 44, 
-0.017, 0.722, 45, 
0.007, 0.645, 46, 
-0.003, 0.874, 47, 
-0.010, 0.749, 48, 
-0.004, 0.893, 49, 
0.027, 0.971, 50, 
0.004, 1.090, 51, 
0.017, 0.678, 52, 
-0.008, 1.880, 53, 
0.006, 1.249, 54, 
-0.010, 0.677, 55, 
0.006, 0.995, 56, 
-0.003, 1.025, 57, 
-0.001, 0.786, 58, 
0.006, 1.071, 59, 
0.069, 1.894, 60, 
0.049, 1.237, 61, 
-0.009, 1.199, 62, 
0.017, 0.854, 63, 
0.008, 0.680, 64, 
0.004, 0.764, 65, 
0.001, 0.768, 66, 
0.008, 1.027, 67, 
0.016, 0.741, 68, 
0.011, 1.035, 69, 
0.010, 0.911, 70, 
0.007, 1.325, 71, 
0.019, 1.159, 72, 
-0.006, 1.186, 73, 
0.021, 0.900, 74, 
0.015, 0.695, 75, 
0.006, 1.605, 76, 
0.009, 1.590, 77, 
0.006, 1.183, 78, 
0.015, 0.700, 79, 
0.017, 0.857, 80, 
0.022, 0.829, 81, 
0.033, 1.590, 82, 
0.000, 1.303, 83, 
0.040, 0.932, 84, 
0.015, 1.217, 85, 
-0.001, 1.085, 86, 
0.014, 1.810, 87, 
0.016, 0.724, 88, 
-0.045, 2.184, 89, 
0.002, 0.725, 90, 
0.011, 0.698, 91, 
0.026, 0.653, 92, 
0.010, 0.572, 93, 
0.036, 1.176, 94, 
0.027, 1.166, 95, 
0.030, 1.098, 96, 
0.038, 0.888, 97, 
0.019, 0.845, 98, 
0.021, 1.418, 99, 
0.030, 1.421, 100, 
-0.011, 1.788, 101, 
0.042, 1.225, 102, 
-0.001, 0.957, 103, 
0.028, 0.782, 104, 
0.050, 0.978, 105, 
0.019, 1.334, 106, 
0.013, 0.885, 107, 
0.003, 0.721, 108, 
0.024, 0.550, 109, 
-0.007, 1.313, 110, 
0.007, 1.423, 111, 
0.029, 0.838, 112, 
0.028, 0.612, 113, 
0.036, 0.635, 114, 
-0.004, 0.922, 115, 
0.029, 0.681, 116, 
0.017, 0.988, 117, 
0.048, 0.874, 118, 
0.025, 0.654, 119, 
-0.013, 1.874, 120, 
0.040, 1.381, 121, 
-0.022, 1.837, 122, 
0.019, 0.702, 123, 
0.061, 2.285, 124, 
0.044, 1.108, 125, 
0.002, 1.036, 126, 
0.001, 0.824, 127, 
0.025, 0.604, 128, 
0.050, 1.302, 129, 
0.005, 0.965, 130, 
0.011, 1.181, 131, 
0.033, 0.922, 132, 
0.063, 0.986, 133, 
0.022, 0.930, 134, 
0.012, 0.962, 135, 
-0.022, 1.767, 136, 
0.015, 0.751, 137, 
0.054, 0.974, 138, 
0.008, 1.003, 139, 
-0.001, 1.115, 140, 
0.023, 1.044, 141, 
0.013, 1.348, 142, 
0.009, 1.803, 143, 
0.019, 0.580, 144, 
0.031, 1.466, 145, 
0.030, 1.431, 146, 
0.017, 0.741, 147, 
0.041, 1.634, 148, 
0.034, 1.871, 149, 
0.003, 1.787, 150, 
0.045, 0.966, 151, 
0.025, 1.141, 152, 
-0.019, 1.457, 153, 
0.051, 0.911, 154, 
-0.004, 0.823, 155, 
0.079, 1.879, 156, 
0.023, 0.864, 157, 
0.054, 1.138, 158, 
0.050, 1.297, 159, 
0.014, 1.472, 160, 
0.010, 0.745, 161, 
0.016, 1.355, 162, 
0.035, 1.112, 163, 
0.007, 0.732, 164, 
0.049, 2.061, 165, 
0.046, 1.265, 166, 
0.021, 1.312, 167, 
0.040, 0.634, 168, 
0.070, 0.929, 169, 
0.036, 1.050, 170, 
0.053, 1.211, 171, 
0.017, 0.917, 172, 
0.015, 0.750, 173, 
0.031, 0.689, 174, 
0.008, 0.873, 175, 
0.027, 0.919, 176, 
0.040, 1.105, 177, 
0.017, 0.916, 178, 
0.021, 0.871, 179, 
0.020, 1.418, 180, 
0.033, 1.289, 181, 
-0.019, 2.675, 182, 
0.039, 1.200, 183, 
0.028, 0.699, 184, 
0.024, 1.546, 185, 
0.041, 1.199, 186, 
0.042, 1.091, 187, 
0.014, 1.107, 188, 
0.048, 1.260, 189, 
0.035, 1.550, 190, 
0.021, 1.718, 191, 
0.032, 0.779, 192, 
0.036, 1.214, 193, 
0.052, 1.103, 194, 
0.047, 1.036, 195, 
0.031, 0.910, 196, 
0.009, 0.967, 197, 
0.051, 1.067, 198, 
0.031, 0.994, 199, 
0.032, 1.283, 200, 
0.028, 1.570, 201, 
0.028, 1.837, 202, 
0.042, 1.210, 203, 
0.053, 1.045, 204, 
0.033, 0.904, 205, 
0.053, 1.089, 206, 
0.035, 1.416, 207, 
0.041, 1.085, 208, 
0.031, 1.797, 209, 
0.025, 0.951, 210, 
0.040, 1.761, 211, 
0.050, 1.377, 212, 
0.040, 1.267, 213, 
0.033, 1.005, 214, 
0.030, 1.868, 215, 
0.052, 1.131, 216, 
0.033, 1.759, 217, 
0.055, 1.724, 218, 
0.037, 1.222, 219, 
0.052, 2.165, 220, 
0.029, 1.054, 221, 
0.027, 1.023, 222, 
0.043, 1.086, 223, 
0.057, 1.918, 224, 
0.064, 1.654, 225, 
0.051, 0.979, 226, 
0.038, 1.438, 227, 
0.013, 1.834, 228, 
0.063, 1.255, 229, 
0.032, 1.033, 230, 
0.070, 1.856, 231, 
0.070, 2.371, 232, 
0.036, 1.425, 233, 
0.034, 0.883, 234, 
0.067, 1.937, 235, 
0.050, 1.196, 236, 
0.054, 1.323, 237, 
0.071, 1.313, 238, 
0.001, 1.311, 239, 
0.038, 1.327, 240, 
0.025, 1.184, 241, 
0.102, 1.426, 242, 
0.023, 1.014, 243, 
0.030, 1.617, 244, 
0.026, 1.672, 245, 
0.059, 1.889, 246, 
0.088, 1.154, 247, 
0.037, 0.934, 248, 
0.061, 1.454, 249, 
0.024, 0.829, 250, 
0.055, 1.219, 251, 
0.057, 2.656, 252, 
0.040, 1.998, 253, 
-0.001, 2.329, 254, 
0.049, 1.958, 255, 
0.120, 1.509, 256, 
0.057, 1.651, 257, 
0.043, 1.382, 258, 
0.020, 1.549, 259, 
0.062, 1.183, 260, 
0.016, 2.947, 261, 
0.038, 1.139, 262, 
0.059, 1.235, 263, 
0.051, 1.235, 264, 
0.023, 1.077, 265, 
0.045, 1.337, 266, 
0.043, 1.461, 267, 
0.084, 1.740, 268, 
0.039, 1.119, 269, 
0.032, 0.800, 270, 
0.023, 1.765, 271, 
0.030, 1.333, 272, 
0.070, 1.433, 273, 
0.028, 0.953, 274, 
0.040, 0.761, 275, 
0.070, 1.398, 276, 
0.026, 1.396, 277, 
0.063, 1.354, 278, 
0.053, 1.651, 279, 
0.039, 1.854, 280, 
0.031, 0.960, 281, 
0.040, 1.032, 282, 
0.032, 1.663, 283, 
0.027, 0.930, 284, 
0.038, 0.964, 285, 
0.077, 1.352, 286, 
0.016, 1.716, 287, 
0.033, 1.276, 288, 
0.045, 1.315, 289, 
0.058, 1.261, 290, 
0.048, 1.405, 291, 
0.005, 1.927, 292, 
0.049, 1.540, 293, 
0.039, 1.760, 294, 
0.039, 1.343, 295, 
0.014, 2.527, 296, 
0.057, 1.397, 297, 
0.028, 1.304, 298, 
0.042, 1.380, 299, 
0.024, 1.098, 300, 
0.017, 1.946, 301, 
0.051, 0.800, 302, 
0.048, 1.502, 303, 
0.036, 0.912, 304, 
0.053, 1.594, 305, 
0.027, 1.747, 306, 
0.039, 1.461, 307, 
0.029, 1.728, 308, 
0.065, 1.418, 309, 
0.065, 1.462, 310, 
0.065, 1.575, 311, 
0.052, 1.274, 312, 
0.016, 1.203, 313, 
0.039, 1.460, 314, 
0.037, 1.562, 315, 
0.030, 1.320, 316, 
0.030, 1.193, 317, 
0.026, 1.192, 318, 
0.037, 1.007, 319, 
0.045, 1.080, 320, 
0.030, 1.698, 321, 
0.061, 1.650, 322, 
0.070, 1.980, 323, 
0.035, 1.622, 324, 
0.016, 1.889, 325, 
0.014, 1.125, 326, 
0.042, 1.097, 327, 
0.043, 1.313, 328, 
0.030, 1.127, 329, 
0.068, 2.085, 330, 
0.014, 1.947, 331, 
0.026, 1.312, 332, 
0.049, 2.477, 333, 
0.083, 1.220, 334, 
0.021, 1.050, 335, 
0.032, 1.705, 336, 
0.086, 1.231, 337, 
0.027, 1.047, 338, 
0.026, 1.077, 339, 
0.040, 1.880, 340, 
0.052, 1.422, 341, 
0.030, 0.873, 342, 
0.045, 1.492, 343, 
0.042, 1.120, 344, 
0.053, 1.529, 345, 
0.039, 1.403, 346, 
0.025, 1.215, 347, 
0.035, 1.382, 348, 
0.084, 1.824, 349, 
0.015, 1.024, 350, 
0.037, 1.702, 351, 
0.068, 1.702, 352, 
0.022, 1.357, 353, 
0.034, 1.062, 354, 
0.014, 1.022, 355, 
0.070, 2.425, 356, 
0.059, 1.285, 357, 
0.050, 1.376, 358, 
0.030, 1.412, 359, 
0.036, 1.446, 360, 
0.038, 1.900, 361, 
0.052, 1.622, 362, 
0.026, 1.177, 363, 
0.065, 1.800, 364, 
0.044, 1.369, 365, 
0.026, 1.076, 366, 
0.039, 0.908, 367, 
0.035, 1.293, 368, 
0.070, 1.448, 369, 
0.040, 1.161, 370, 
0.051, 0.787, 371, 
0.034, 0.803, 372, 
0.028, 0.760, 373, 
0.034, 1.169, 374, 
0.050, 2.491, 375, 
0.057, 1.580, 376, 
0.067, 1.761, 377, 
0.026, 1.395, 378, 
0.049, 1.944, 379, 
0.032, 1.332, 380, 
0.042, 1.343, 381, 
0.055, 1.383, 382, 
0.039, 1.717, 383, 
0.044, 1.966, 384, 
0.060, 1.226, 385, 
0.042, 1.830, 386, 
0.048, 1.715, 387, 
0.027, 1.185, 388, 
0.041, 1.747, 389, 
0.034, 1.662, 390, 
0.031, 0.994, 391, 
0.032, 0.983, 392, 
0.024, 0.802, 393, 
0.050, 1.990, 394, 
0.074, 1.221, 395, 
0.051, 1.082, 396, 
0.028, 1.373, 397, 
0.050, 1.969, 398, 
0.051, 1.253, 399, 
0.048, 1.775, 400, 
0.050, 1.764, 401, 
0.026, 1.066, 402, 
0.063, 1.549, 403, 
0.053, 1.684, 404, 
0.048, 1.235, 405, 
0.094, 1.496, 406, 
0.056, 1.346, 407, 
0.037, 1.431, 408, 
0.047, 1.867, 409, 
0.020, 1.222, 410, 
0.055, 1.783, 411, 
0.046, 1.780, 412, 
0.018, 1.411, 413, 
0.052, 1.641, 414, 
0.046, 2.444, 415, 
0.043, 1.118, 416, 
0.073, 1.461, 417, 
0.033, 1.777, 418, 
0.013, 1.191, 419, 
0.052, 1.261, 420, 
0.049, 1.132, 421, 
0.070, 1.678, 422, 
0.051, 1.108, 423, 
0.069, 1.628, 424, 
0.037, 1.396, 425, 
0.049, 1.368, 426, 
0.032, 1.914, 427, 
0.073, 2.153, 428, 
0.063, 2.068, 429, 
0.025, 1.820, 430, 
0.077, 1.198, 431, 
0.099, 1.702, 432, 
0.053, 2.534, 433, 
0.043, 1.050, 434, 
0.066, 1.257, 435, 
0.015, 1.139, 436, 
0.039, 1.616, 437, 
0.037, 1.720, 438, 
0.046, 1.729, 439, 
0.023, 1.005, 440, 
0.040, 1.271, 441, 
0.086, 1.253, 442, 
0.049, 1.110, 443, 
0.057, 1.341, 444, 
0.072, 1.783, 445, 
0.044, 1.728, 446, 
0.039, 1.326, 447, 
0.041, 1.151, 448, 
0.024, 1.067, 449, 
0.027, 1.102, 450, 
0.033, 1.583, 451, 
0.033, 1.135, 452, 
0.064, 1.469, 453, 
0.023, 1.083, 454, 
0.029, 0.842, 455, 
0.020, 1.243, 456, 
0.091, 1.565, 457, 
0.030, 0.764, 458, 
0.045, 1.983, 459, 
0.038, 1.725, 460, 
0.063, 1.348, 461, 
0.022, 1.921, 462, 
0.028, 1.413, 463, 
0.041, 1.917, 464, 
0.041, 1.570, 465, 
0.025, 1.188, 466, 
0.052, 0.966, 467, 
0.036, 1.085, 468, 
0.044, 0.968, 469, 
0.027, 1.924, 470, 
0.039, 1.344, 471, 
0.072, 1.218, 472, 
0.054, 1.418, 473, 
0.043, 2.389, 474, 
0.047, 1.715, 475, 
0.038, 1.442, 476, 
0.022, 1.400, 477, 
0.039, 1.178, 478, 
0.059, 1.988, 479, 
0.063, 1.702, 480, 
0.033, 1.562, 481, 
0.050, 1.113, 482, 
0.046, 1.644, 483, 
0.013, 1.545, 484, 
0.062, 1.475, 485, 
0.049, 1.516, 486, 
0.050, 1.093, 487, 
0.042, 2.001, 488, 
0.054, 1.522, 489, 
0.056, 2.172, 490, 
0.051, 2.202, 491, 
0.031, 0.784, 492, 
0.029, 0.852, 493, 
0.055, 1.641, 494, 
0.059, 1.463, 495, 
0.058, 1.358, 496, 
0.049, 1.781, 497, 
0.039, 1.363, 498, 
0.064, 2.363, 499, 
0.054, 1.555, 500, 
0.030, 1.318, 501, 
0.073, 1.229, 502, 
0.029, 1.143, 503, 
0.071, 1.270, 504, 
0.044, 1.004, 505, 
0.041, 1.582, 506, 
0.020, 1.973, 507, 
0.062, 1.277, 508, 
0.047, 1.745, 509, 
0.071, 1.437, 510, 
0.043, 1.340, 511, 
0.065, 1.013, 512, 
0.077, 2.105, 513, 
0.045, 1.583, 514, 
0.050, 1.745, 515, 
0.029, 1.592, 516, 
0.053, 1.826, 517, 
0.029, 1.629, 518, 
0.033, 1.452, 519, 
0.048, 1.871, 520, 
0.059, 1.853, 521, 
0.057, 1.644, 522, 
0.055, 1.830, 523, 
0.029, 1.170, 524, 
0.030, 1.144, 525, 
0.049, 1.373, 526, 
0.009, 2.950, 527, 
0.028, 1.283, 528, 
0.013, 1.108, 529, 
0.089, 1.910, 530, 
0.046, 1.560, 531, 
0.029, 0.853, 532, 
0.024, 1.844, 533, 
0.066, 1.703, 534, 
0.038, 1.282, 535, 
0.029, 2.003, 536, 
0.038, 1.284, 537, 
0.035, 1.581, 538, 
0.108, 1.742, 539, 
0.058, 1.299, 540, 
0.049, 1.442, 541, 
0.052, 1.399, 542, 
0.022, 1.067, 543, 
0.045, 1.723, 544, 
0.073, 1.496, 545, 
0.081, 2.072, 546, 
0.078, 1.417, 547, 
0.038, 2.003, 548, 
0.075, 1.413, 549, 
0.038, 0.933, 550, 
0.059, 2.508, 551, 
0.049, 2.128, 552, 
0.054, 1.339, 553, 
0.071, 1.498, 554, 
-0.001, 2.360, 555, 
0.032, 1.046, 556, 
0.036, 1.252, 557, 
0.035, 0.995, 558, 
0.073, 1.851, 559, 
0.049, 1.084, 560, 
0.049, 0.788, 561, 
0.050, 1.702, 562, 
0.114, 1.611, 563, 
0.054, 1.955, 564, 
0.059, 1.710, 565, 
0.036, 0.824, 566, 
0.042, 1.334, 567, 
0.043, 1.718, 568, 
0.045, 1.222, 569, 
0.052, 1.706, 570, 
0.053, 1.603, 571, 
0.025, 0.969, 572, 
0.001, 1.901, 573, 
0.041, 1.817, 574, 
0.055, 1.677, 575, 
0.045, 1.111, 576, 
0.056, 1.771, 577, 
0.085, 1.217, 578, 
0.045, 1.761, 579, 
0.047, 1.687, 580, 
0.043, 1.720, 581, 
0.040, 1.119, 582, 
0.083, 1.785, 583, 
0.077, 1.503, 584, 
0.064, 1.432, 585, 
0.083, 1.747, 586, 
0.064, 1.536, 587, 
0.039, 1.396, 588, 
0.037, 1.219, 589, 
0.077, 1.329, 590, 
0.029, 1.085, 591, 
0.028, 0.922, 592, 
0.010, 1.189, 593, 
0.023, 0.782, 594, 
0.056, 1.104, 595, 
0.056, 1.374, 596, 
0.057, 1.192, 597, 
0.011, 1.883, 598, 
0.038, 1.232, 599, 
0.054, 1.486, 600, 
0.081, 1.201, 601, 
0.038, 0.903, 602, 
0.047, 1.251, 603, 
0.088, 1.776, 604, 
0.054, 1.226, 605, 
0.044, 1.852, 606, 
0.065, 1.206, 607, 
0.043, 1.377, 608, 
0.025, 1.565, 609, 
0.027, 1.298, 610, 
0.019, 0.896, 611, 
0.051, 1.871, 612, 
0.049, 1.325, 613, 
0.041, 1.672, 614, 
0.062, 2.147, 615, 
0.048, 1.755, 616, 
0.040, 1.242, 617, 
0.052, 1.052, 618, 
0.028, 1.589, 619, 
0.045, 1.189, 620, 
0.067, 1.549, 621, 
0.053, 1.672, 622, 
0.041, 1.361, 623, 
0.054, 1.378, 624, 
0.034, 0.750, 625, 
0.039, 1.247, 626, 
0.069, 2.461, 627, 
0.045, 1.033, 628, 
0.062, 1.346, 629, 
0.012, 1.033, 630, 
0.022, 1.087, 631, 
0.019, 1.290, 632, 
0.056, 1.941, 633, 
0.061, 1.079, 634, 
0.071, 1.792, 635, 
0.032, 1.332, 636, 
0.038, 1.611, 637, 
0.055, 1.546, 638, 
0.073, 1.811, 639, 
0.065, 1.613, 640, 
0.056, 2.401, 641, 
0.053, 1.390, 642, 
0.041, 1.550, 643, 
0.043, 1.595, 644, 
0.046, 1.621, 645, 
0.039, 0.991, 646, 
0.041, 2.000, 647, 
0.045, 1.865, 648, 
0.062, 1.373, 649, 
0.056, 1.166, 650, 
0.076, 1.479, 651, 
0.086, 1.850, 652, 
0.098, 1.755, 653, 
0.055, 2.097, 654, 
0.034, 0.753, 655, 
0.070, 1.534, 656, 
0.043, 0.806, 657, 
0.079, 2.162, 658, 
0.012, 1.364, 659, 
0.035, 1.615, 660, 
0.033, 0.980, 661, 
0.059, 1.199, 662, 
0.053, 1.852, 663, 
0.061, 1.831, 664, 
0.043, 1.409, 665, 
0.021, 1.292, 666, 
0.064, 2.579, 667, 
0.052, 1.238, 668, 
0.043, 1.356, 669, 
0.046, 1.687, 670, 
0.037, 1.325, 671, 
0.048, 1.902, 672, 
0.049, 0.955, 673, 
0.068, 1.434, 674, 
0.061, 1.438, 675, 
0.077, 1.245, 676, 
0.098, 1.547, 677, 
0.017, 1.396, 678, 
0.030, 1.129, 679, 
0.039, 1.698, 680, 
0.024, 1.114, 681, 
0.042, 2.489, 682, 
0.011, 1.086, 683, 
0.072, 1.225, 684, 
0.076, 1.250, 685, 
0.046, 1.039, 686, 
0.078, 1.377, 687, 
0.079, 1.437, 688, 
0.024, 1.909, 689, 
0.091, 1.720, 690, 
0.051, 1.381, 691, 
0.046, 0.907, 692, 
0.055, 1.325, 693, 
0.012, 1.365, 694, 
0.044, 1.999, 695, 
0.036, 1.011, 696, 
0.042, 1.083, 697, 
0.040, 1.160, 698, 
0.005, 1.994, 699, 
0.070, 1.814, 700, 
0.056, 1.927, 701, 
0.057, 2.569, 702, 
0.060, 1.304, 703, 
0.029, 1.627, 704, 
0.062, 1.337, 705, 
0.070, 1.325, 706, 
0.064, 1.322, 707, 
0.045, 1.079, 708, 
0.046, 1.747, 709, 
0.065, 1.665, 710, 
0.070, 1.652, 711, 
0.036, 1.132, 712, 
0.040, 1.556, 713, 
0.026, 1.423, 714, 
0.071, 2.224, 715, 
0.077, 1.381, 716, 
0.030, 0.963, 717, 
0.048, 1.214, 718, 
0.037, 1.367, 719, 
0.037, 0.990, 720, 
0.038, 1.736, 721, 
0.050, 1.376, 722, 
0.040, 1.349, 723, 
0.037, 1.552, 724, 
0.019, 2.370, 725, 
0.041, 1.324, 726, 
0.014, 1.909, 727, 
0.032, 1.747, 728, 
0.090, 2.305, 729, 
0.101, 1.769, 730, 
0.037, 0.938, 731, 
0.050, 1.432, 732, 
0.055, 1.978, 733, 
0.058, 1.269, 734, 
0.032, 1.265, 735, 
0.037, 1.196, 736, 
0.081, 1.454, 737, 
0.041, 1.642, 738, 
0.051, 1.348, 739, 
0.082, 1.591, 740, 
0.066, 1.246, 741, 
0.039, 1.746, 742, 
0.073, 1.496, 743, 
0.054, 1.407, 744, 
0.086, 2.302, 745, 
0.045, 0.809, 746, 
0.032, 0.986, 747, 
0.070, 2.117, 748, 
0.052, 2.475, 749, 
0.079, 2.106, 750, 
0.055, 1.766, 751, 
0.077, 1.559, 752, 
0.065, 1.327, 753, 
0.047, 2.513, 754, 
0.079, 1.390, 755, 
0.049, 1.390, 756, 
0.036, 0.749, 757, 
0.055, 1.144, 758, 
0.051, 1.361, 759, 
-0.012, 2.328, 760, 
0.049, 1.510, 761, 
0.054, 1.683, 762, 
0.059, 1.538, 763, 
0.025, 1.736, 764, 
0.059, 1.426, 765, 
0.047, 1.402, 766, 
0.069, 1.712, 767, 
0.070, 2.254, 768, 
0.018, 1.220, 769, 
0.044, 0.807, 770, 
0.070, 1.405, 771, 
0.083, 1.526, 772, 
0.051, 1.592, 773, 
0.054, 1.500, 774, 
0.065, 1.902, 775, 
0.023, 1.098, 776, 
0.048, 1.143, 777, 
0.031, 1.571, 778, 
0.036, 1.297, 779, 
0.102, 1.704, 780, 
0.074, 1.501, 781, 
0.050, 1.188, 782, 
0.047, 1.682, 783, 
0.049, 0.874, 784, 
0.090, 1.316, 785, 
0.084, 1.754, 786, 
0.049, 1.310, 787, 
0.073, 1.494, 788, 
0.044, 1.479, 789, 
0.046, 0.780, 790, 
0.030, 0.954, 791, 
0.053, 1.953, 792, 
0.041, 0.889, 793, 
0.084, 2.232, 794, 
0.053, 1.014, 795, 
0.039, 0.949, 796, 
0.043, 1.028, 797, 
0.038, 1.505, 798, 
0.051, 1.365, 799, 
0.068, 1.754, 800, 
0.026, 1.335, 801, 
0.048, 2.099, 802, 
0.083, 1.168, 803, 
0.053, 1.823, 804, 
0.072, 1.392, 805, 
0.007, 1.006, 806, 
0.064, 1.057, 807, 
0.022, 1.257, 808, 
0.107, 1.662, 809, 
0.058, 1.110, 810, 
0.059, 1.155, 811, 
0.058, 1.661, 812, 
0.057, 1.406, 813, 
0.021, 1.593, 814, 
0.061, 2.641, 815, 
0.063, 2.450, 816, 
0.076, 1.340, 817, 
0.047, 2.505, 818, 
0.040, 0.967, 819, 
0.058, 1.360, 820, 
0.074, 1.822, 821, 
0.047, 1.138, 822, 
0.068, 1.511, 823, 
0.060, 1.621, 824, 
0.051, 0.979, 825, 
0.035, 1.049, 826, 
0.065, 1.519, 827, 
0.053, 1.503, 828, 
0.060, 1.223, 829, 
0.057, 1.404, 830, 
0.042, 1.681, 831, 
0.039, 0.824, 832, 
0.025, 1.283, 833, 
0.060, 1.721, 834, 
0.057, 1.532, 835, 
0.091, 2.135, 836, 
0.039, 1.233, 837, 
0.049, 1.102, 838, 
0.069, 1.855, 839, 
0.019, 1.059, 840, 
0.065, 1.775, 841, 
0.042, 0.975, 842, 
0.043, 0.917, 843, 
0.057, 1.998, 844, 
0.062, 1.512, 845, 
0.061, 2.153, 846, 
0.039, 1.540, 847, 
0.046, 1.671, 848, 
0.038, 1.332, 849, 
0.088, 1.447, 850, 
0.072, 1.560, 851, 
0.047, 2.659, 852, 
0.022, 0.984, 853, 
0.023, 0.791, 854, 
0.047, 0.784, 855, 
0.036, 1.579, 856, 
0.090, 1.680, 857, 
0.058, 1.403, 858, 
0.067, 1.438, 859, 
0.025, 0.789, 860, 
0.060, 2.102, 861, 
0.067, 1.644, 862, 
0.053, 1.211, 863, 
0.048, 1.298, 864, 
0.037, 1.617, 865, 
0.031, 1.694, 866, 
0.072, 1.729, 867, 
0.047, 1.141, 868, 
0.073, 1.528, 869, 
0.054, 2.317, 870, 
0.020, 2.319, 871, 
0.054, 1.702, 872, 
0.047, 1.084, 873, 
0.048, 1.219, 874, 
0.039, 1.137, 875, 
-0.011, 2.008, 876, 
0.027, 1.722, 877, 
0.039, 1.583, 878, 
0.061, 1.676, 879, 
-0.003, 2.762, 880, 
0.050, 2.182, 881, 
0.033, 0.925, 882, 
0.033, 0.768, 883, 
0.093, 1.205, 884, 
0.087, 2.398, 885, 
0.091, 1.841, 886, 
0.060, 1.917, 887, 
0.032, 1.728, 888, 
0.048, 1.090, 889, 
0.042, 1.623, 890, 
0.035, 1.945, 891, 
0.064, 1.555, 892, 
0.052, 2.387, 893, 
0.076, 1.518, 894, 
0.054, 1.765, 895, 
0.045, 1.913, 896, 
0.047, 1.346, 897, 
0.060, 1.410, 898, 
0.072, 1.868, 899, 
0.041, 1.437, 900, 
0.062, 2.116, 901, 
0.028, 0.915, 902, 
0.040, 1.307, 903, 
0.054, 2.051, 904, 
0.026, 0.846, 905, 
0.097, 2.258, 906, 
0.028, 1.550, 907, 
0.007, 1.338, 908, 
0.035, 1.075, 909, 
0.014, 1.012, 910, 
0.054, 1.040, 911, 
0.027, 1.054, 912, 
0.078, 1.674, 913, 
0.024, 1.268, 914, 
0.057, 1.491, 915, 
0.057, 1.118, 916, 
0.044, 1.676, 917, 
0.078, 1.639, 918, 
0.070, 1.358, 919, 
0.045, 1.059, 920, 
0.043, 2.015, 921, 
0.005, 1.377, 922, 
0.023, 1.090, 923, 
0.059, 2.066, 924, 
0.042, 1.689, 925, 
0.083, 1.820, 926, 
0.049, 1.672, 927, 
0.024, 2.659, 928, 
0.006, 2.343, 929, 
0.038, 1.587, 930, 
0.056, 1.504, 931, 
0.028, 0.902, 932, 
0.018, 1.314, 933, 
0.059, 1.165, 934, 
0.061, 1.392, 935, 
0.061, 1.305, 936, 
0.024, 0.799, 937, 
0.032, 1.349, 938, 
0.047, 1.227, 939, 
0.049, 2.310, 940, 
0.059, 1.783, 941, 
0.050, 1.500, 942, 
0.047, 1.254, 943, 
0.063, 1.242, 944, 
0.067, 1.953, 945, 
0.018, 1.662, 946, 
0.065, 1.184, 947, 
0.046, 1.074, 948, 
0.046, 1.994, 949, 
0.079, 1.495, 950, 
0.003, 2.368, 951, 
0.034, 1.522, 952, 
0.030, 1.127, 953, 
0.026, 1.144, 954, 
0.039, 1.323, 955, 
0.052, 1.386, 956, 
0.035, 1.306, 957, 
0.095, 1.878, 958, 
0.019, 1.100, 959, 
0.040, 1.282, 960, 
0.054, 1.477, 961, 
0.047, 0.993, 962, 
0.053, 1.669, 963, 
0.072, 1.216, 964, 
0.040, 1.424, 965, 
0.051, 1.668, 966, 
0.046, 1.179, 967, 
0.071, 1.811, 968, 
0.049, 1.736, 969, 
0.053, 1.814, 970, 
0.068, 1.716, 971, 
0.056, 1.422, 972, 
0.029, 1.071, 973, 
0.016, 0.872, 974, 
0.046, 1.060, 975, 
0.056, 1.007, 976, 
0.034, 1.654, 977, 
0.018, 0.866, 978, 
0.026, 0.806, 979, 
0.064, 1.449, 980, 
0.052, 1.155, 981, 
0.036, 1.053, 982, 
0.050, 1.566, 983, 
0.070, 1.220, 984, 
0.071, 1.721, 985, 
0.089, 1.801, 986, 
0.040, 1.183, 987, 
0.070, 1.399, 988, 
0.046, 1.369, 989, 
0.030, 1.136, 990, 
0.024, 1.757, 991, 
0.054, 1.431, 992, 
0.030, 1.206, 993, 
0.044, 1.306, 994, 
0.041, 1.328, 995, 
0.045, 1.561, 996, 
0.028, 1.724, 997, 
0.028, 0.826, 998, 
0.046, 0.918, 999, 
0.035, 0.948, 1000, 
0.022, 1.270, 1001, 
0.060, 1.977, 1002, 
0.072, 1.570, 1003, 
0.072, 1.313, 1004, 
0.089, 1.894, 1005, 
0.027, 1.108, 1006, 
0.056, 1.358, 1007, 
0.036, 0.923, 1008, 
0.064, 1.182, 1009, 
0.070, 0.994, 1010, 
0.061, 1.226, 1011, 
0.053, 1.371, 1012, 
0.067, 1.747, 1013, 
0.062, 1.422, 1014, 
0.038, 1.598, 1015, 
0.090, 1.488, 1016, 
0.019, 1.119, 1017, 
0.065, 2.179, 1018, 
0.031, 2.097, 1019, 
0.095, 2.131, 1020, 
0.045, 0.919, 1021, 
0.024, 0.849, 1022, 
0.013, 2.579, 1023, 
0.024, 1.890, 1024, 
0.038, 3.389, 1025, 
0.078, 1.772, 1026, 
0.029, 0.893, 1027, 
0.059, 1.930, 1028, 
0.048, 1.320, 1029, 
0.057, 1.599, 1030, 
0.030, 1.403, 1031, 
0.051, 0.797, 1032, 
0.066, 1.058, 1033, 
0.027, 1.243, 1034, 
0.069, 1.432, 1035, 
0.039, 1.535, 1036, 
0.032, 1.233, 1037, 
0.019, 1.106, 1038, 
0.032, 0.738, 1039, 
0.044, 1.400, 1040, 
0.021, 1.684, 1041, 
0.081, 2.161, 1042, 
0.033, 0.943, 1043, 
0.091, 1.833, 1044, 
0.059, 2.105, 1045, 
0.064, 1.779, 1046, 
0.066, 1.781, 1047, 
0.058, 1.159, 1048, 
0.046, 1.055, 1049, 
0.044, 1.703, 1050, 
0.065, 1.794, 1051, 
0.074, 1.780, 1052, 
0.076, 1.196, 1053, 
0.007, 1.181, 1054, 
0.044, 0.809, 1055, 
0.053, 1.138, 1056, 
0.066, 1.421, 1057, 
0.024, 1.824, 1058, 
0.041, 1.147, 1059, 
0.027, 0.896, 1060, 
0.072, 1.464, 1061, 
0.031, 2.621, 1062, 
0.042, 1.074, 1063, 
0.076, 1.432, 1064, 
0.050, 1.119, 1065, 
-0.007, 2.650, 1066, 
0.043, 0.972, 1067, 
0.037, 1.258, 1068, 
0.021, 1.094, 1069, 
0.060, 1.753, 1070, 
0.044, 1.065, 1071, 
0.034, 1.554, 1072, 
0.057, 1.271, 1073, 
0.022, 1.104, 1074, 
0.062, 1.623, 1075, 
0.060, 1.116, 1076, 
0.044, 1.378, 1077, 
-0.011, 2.636, 1078, 
0.057, 1.593, 1079, 
0.056, 1.461, 1080, 
0.083, 1.505, 1081, 
0.061, 1.767, 1082, 
0.045, 1.055, 1083, 
0.071, 1.878, 1084, 
0.049, 1.509, 1085, 
0.040, 1.511, 1086, 
0.044, 1.675, 1087, 
0.091, 1.727, 1088, 
0.057, 1.218, 1089, 
0.068, 1.409, 1090, 
0.079, 1.177, 1091, 
0.073, 1.530, 1092, 
0.061, 2.715, 1093, 
0.066, 1.315, 1094, 
0.067, 2.394, 1095, 
0.092, 1.235, 1096, 
0.058, 2.108, 1097, 
0.033, 1.102, 1098, 
-0.006, 1.366, 1099, 
0.041, 1.784, 1100, 
0.038, 0.979, 1101, 
0.083, 1.458, 1102, 
0.034, 1.834, 1103, 
0.032, 0.966, 1104, 
0.049, 1.953, 1105, 
0.053, 1.158, 1106, 
0.034, 1.113, 1107, 
0.092, 2.297, 1108, 
0.042, 1.038, 1109, 
0.031, 1.329, 1110, 
0.030, 1.594, 1111, 
0.056, 1.341, 1112, 
0.037, 1.942, 1113, 
0.040, 0.987, 1114, 
0.092, 1.355, 1115, 
0.043, 1.140, 1116, 
0.043, 0.833, 1117, 
0.070, 1.758, 1118, 
0.046, 1.678, 1119, 
0.036, 1.443, 1120, 
0.064, 1.028, 1121, 
0.094, 1.169, 1122, 
0.025, 1.054, 1123, 
0.051, 0.782, 1124, 
0.081, 1.438, 1125, 
0.044, 1.063, 1126, 
0.004, 1.415, 1127, 
0.057, 1.209, 1128, 
0.030, 1.641, 1129, 
0.053, 1.335, 1130, 
0.068, 1.588, 1131, 
0.059, 2.203, 1132, 
0.033, 2.089, 1133, 
0.048, 1.671, 1134, 
0.059, 1.840, 1135, 
0.055, 2.347, 1136, 
0.027, 1.706, 1137, 
0.048, 0.983, 1138, 
0.027, 1.604, 1139, 
0.044, 1.629, 1140, 
0.054, 1.044, 1141, 
0.043, 0.893, 1142, 
0.036, 1.639, 1143, 
0.092, 1.798, 1144, 
0.086, 2.478, 1145, 
0.076, 1.803, 1146, 
0.050, 1.259, 1147, 
0.069, 2.127, 1148, 
0.032, 0.996, 1149, 
0.049, 1.629, 1150, 
0.104, 1.499, 1151, 
0.033, 1.299, 1152, 
0.064, 1.621, 1153, 
0.029, 0.911, 1154, 
0.042, 1.078, 1155, 
0.035, 1.408, 1156, 
0.066, 1.560, 1157, 
0.036, 1.259, 1158, 
0.015, 1.397, 1159, 
0.023, 1.912, 1160, 
0.033, 1.619, 1161, 
0.036, 0.930, 1162, 
0.064, 1.563, 1163, 
0.053, 2.085, 1164, 
0.060, 1.807, 1165, 
0.098, 1.730, 1166, 
0.068, 2.125, 1167, 
0.054, 1.560, 1168, 
0.052, 1.796, 1169, 
0.073, 1.886, 1170, 
0.056, 1.230, 1171, 
0.009, 1.411, 1172, 
0.014, 1.212, 1173, 
0.037, 0.932, 1174, 
0.072, 1.561, 1175, 
0.047, 1.730, 1176, 
0.058, 1.695, 1177, 
0.028, 1.140, 1178, 
0.040, 1.680, 1179, 
0.051, 1.230, 1180, 
0.057, 1.551, 1181, 
0.059, 2.613, 1182, 
0.075, 1.527, 1183, 
0.054, 1.559, 1184, 
0.053, 1.735, 1185, 
0.041, 1.182, 1186, 
0.023, 1.094, 1187, 
0.026, 1.648, 1188, 
0.041, 1.725, 1189, 
0.026, 2.697, 1190, 
0.091, 1.909, 1191, 
0.007, 2.395, 1192, 
0.051, 2.040, 1193, 
0.063, 1.481, 1194, 
0.079, 1.427, 1195, 
0.062, 1.474, 1196, 
0.112, 2.466, 1197, 
0.081, 1.242, 1198, 
0.003, 1.376, 1199, 
0.058, 1.086, 1200, 
0.024, 0.919, 1201, 
0.051, 1.747, 1202, 
0.081, 1.862, 1203, 
0.088, 1.415, 1204, 
0.048, 2.025, 1205, 
0.075, 2.077, 1206, 
0.046, 1.177, 1207, 
0.039, 1.441, 1208, 
0.022, 1.920, 1209, 
0.022, 0.921, 1210, 
0.040, 2.150, 1211, 
0.055, 1.088, 1212, 
0.038, 1.051, 1213, 
0.027, 1.091, 1214, 
0.070, 1.671, 1215, 
0.035, 1.055, 1216, 
0.104, 1.795, 1217, 
0.035, 1.347, 1218, 
0.079, 1.352, 1219, 
0.110, 1.555, 1220, 
0.070, 1.208, 1221, 
0.026, 0.803, 1222, 
0.030, 1.267, 1223, 
0.100, 1.782, 1224, 
0.026, 1.438, 1225, 
0.090, 2.319, 1226, 
0.030, 1.820, 1227, 
0.030, 0.770, 1228, 
0.031, 1.554, 1229, 
0.041, 1.148, 1230, 
0.075, 1.464, 1231, 
0.051, 1.066, 1232, 
0.042, 1.118, 1233, 
0.029, 2.606, 1234, 
0.031, 1.673, 1235, 
0.067, 1.407, 1236, 
0.098, 1.246, 1237, 
0.057, 1.108, 1238, 
0.039, 2.012, 1239, 
0.033, 1.324, 1240, 
0.054, 1.733, 1241, 
0.048, 1.966, 1242, 
0.056, 1.083, 1243, 
0.118, 2.466, 1244, 
0.037, 1.756, 1245, 
0.017, 1.227, 1246, 
0.068, 1.478, 1247, 
0.054, 1.443, 1248, 
0.078, 1.592, 1249, 
0.045, 1.658, 1250, 
0.027, 1.356, 1251, 
0.065, 2.627, 1252, 
0.055, 1.480, 1253, 
0.048, 1.239, 1254, 
0.077, 1.856, 1255, 
0.058, 1.229, 1256, 
0.049, 0.873, 1257, 
0.031, 1.122, 1258, 
0.072, 1.970, 1259, 
0.080, 1.799, 1260, 
0.053, 1.098, 1261, 
0.076, 1.810, 1262, 
0.017, 1.422, 1263, 
0.070, 1.724, 1264, 
0.128, 1.612, 1265, 
0.101, 2.453, 1266, 
0.054, 1.746, 1267, 
0.093, 2.632, 1268, 
0.033, 1.277, 1269, 
0.057, 1.861, 1270, 
0.036, 1.662, 1271, 
0.118, 2.483, 1272, 
0.028, 1.445, 1273, 
0.050, 1.713, 1274, 
0.040, 2.017, 1275, 
0.055, 1.117, 1276, 
0.033, 1.261, 1277, 
0.061, 1.655, 1278, 
0.091, 1.237, 1279, 
0.041, 0.885, 1280, 
0.028, 1.649, 1281, 
0.048, 1.555, 1282, 
0.038, 1.132, 1283, 
0.053, 1.973, 1284, 
0.044, 1.330, 1285, 
0.024, 1.090, 1286, 
0.001, 2.379, 1287, 
0.049, 1.148, 1288, 
0.038, 0.841, 1289, 
0.066, 2.098, 1290, 
0.026, 2.640, 1291, 
0.065, 1.350, 1292, 
0.057, 1.406, 1293, 
0.026, 1.261, 1294, 
0.071, 1.775, 1295, 
0.049, 0.801, 1296, 
0.032, 0.958, 1297, 
0.044, 0.962, 1298, 
0.067, 1.548, 1299, 
0.045, 1.681, 1300, 
0.037, 0.779, 1301, 
0.079, 1.340, 1302, 
0.029, 1.128, 1303, 
0.057, 1.153, 1304, 
0.016, 2.556, 1305, 
0.038, 1.144, 1306, 
0.037, 1.646, 1307, 
0.027, 1.130, 1308, 
0.056, 1.142, 1309, 
0.046, 1.144, 1310, 
0.060, 1.564, 1311, 
0.076, 1.571, 1312, 
0.042, 1.363, 1313, 
0.045, 1.365, 1314, 
0.045, 1.081, 1315, 
0.041, 1.279, 1316, 
0.066, 1.897, 1317, 
0.136, 1.624, 1318, 
0.038, 0.976, 1319, 
0.035, 1.261, 1320, 
0.034, 1.217, 1321, 
0.051, 1.698, 1322, 
0.033, 1.109, 1323, 
0.028, 0.935, 1324, 
0.075, 1.829, 1325, 
0.048, 1.524, 1326, 
0.029, 1.807, 1327, 
0.074, 1.534, 1328, 
0.054, 1.298, 1329, 
0.076, 1.234, 1330, 
0.071, 1.445, 1331, 
0.080, 1.827, 1332, 
0.041, 0.820, 1333, 
0.057, 1.330, 1334, 
0.041, 1.115, 1335, 
0.034, 0.927, 1336, 
0.043, 0.785, 1337, 
0.057, 1.604, 1338, 
0.000, 2.640, 1339, 
0.068, 1.183, 1340, 
0.032, 1.102, 1341, 
0.056, 2.486, 1342, 
0.026, 1.896, 1343, 
0.036, 1.742, 1344, 
0.063, 2.395, 1345, 
0.066, 1.613, 1346, 
0.085, 1.748, 1347, 
0.044, 0.970, 1348, 
0.062, 2.476, 1349, 
0.034, 2.040, 1350, 
0.044, 1.355, 1351, 
0.061, 1.515, 1352, 
0.062, 1.138, 1353, 
0.052, 1.242, 1354, 
0.075, 1.365, 1355, 
0.053, 1.520, 1356, 
0.038, 1.233, 1357, 
0.055, 1.627, 1358, 
0.073, 1.151, 1359, 
0.044, 1.346, 1360, 
0.072, 1.598, 1361, 
0.045, 1.800, 1362, 
0.039, 1.369, 1363, 
0.040, 1.152, 1364, 
0.019, 1.126, 1365, 
0.003, 1.940, 1366, 
0.054, 1.538, 1367, 
0.036, 0.997, 1368, 
-0.005, 1.378, 1369, 
0.074, 1.170, 1370, 
0.020, 1.138, 1371, 
0.043, 1.390, 1372, 
0.062, 2.032, 1373, 
0.073, 1.819, 1374, 
0.048, 1.278, 1375, 
0.065, 1.888, 1376, 
0.058, 1.985, 1377, 
0.037, 0.926, 1378, 
0.095, 1.709, 1379, 
0.056, 1.191, 1380, 
0.013, 1.171, 1381, 
0.071, 1.894, 1382, 
0.028, 1.289, 1383, 
0.051, 1.607, 1384, 
0.055, 1.096, 1385, 
0.038, 2.526, 1386, 
0.033, 1.139, 1387, 
0.048, 0.788, 1388, 
0.083, 1.810, 1389, 
0.039, 1.251, 1390, 
0.039, 0.885, 1391, 
0.065, 1.548, 1392, 
0.048, 1.736, 1393, 
0.065, 1.510, 1394, 
0.057, 1.366, 1395, 
0.101, 1.787, 1396, 
0.053, 1.323, 1397, 
0.086, 1.453, 1398, 
0.038, 1.119, 1399, 
0.024, 1.418, 1400, 
0.122, 1.554, 1401, 
0.058, 1.810, 1402, 
0.043, 1.615, 1403, 
0.035, 2.005, 1404, 
0.061, 1.316, 1405, 
0.064, 2.521, 1406, 
0.015, 1.726, 1407, 
0.043, 0.998, 1408, 
0.039, 1.736, 1409, 
0.041, 1.753, 1410, 
0.036, 0.844, 1411, 
0.007, 1.051, 1412, 
0.067, 1.862, 1413, 
0.034, 1.355, 1414, 
0.034, 1.745, 1415, 
0.072, 1.634, 1416, 
0.013, 2.564, 1417, 
0.017, 1.043, 1418, 
0.017, 1.392, 1419, 
0.018, 1.096, 1420, 
0.033, 1.626, 1421, 
0.034, 1.306, 1422, 
0.057, 1.174, 1423, 
0.050, 1.143, 1424, 
0.069, 1.662, 1425, 
0.035, 0.993, 1426, 
0.044, 1.701, 1427, 
0.058, 1.105, 1428, 
0.075, 2.351, 1429, 
0.082, 1.545, 1430, 
0.050, 0.791, 1431, 
0.031, 1.759, 1432, 
0.055, 2.364, 1433, 
0.065, 1.759, 1434, 
0.040, 0.805, 1435, 
0.024, 1.127, 1436, 
0.088, 1.887, 1437, 
0.038, 0.969, 1438, 
0.034, 1.697, 1439, 
0.064, 1.618, 1440, 
0.060, 2.058, 1441, 
0.037, 1.644, 1442, 
0.060, 1.454, 1443, 
0.028, 1.306, 1444, 
0.060, 1.564, 1445, 
0.062, 1.341, 1446, 
0.042, 1.143, 1447, 
0.039, 1.613, 1448, 
0.041, 2.004, 1449, 
0.083, 2.092, 1450, 
0.052, 1.904, 1451, 
0.055, 1.388, 1452, 
0.090, 1.249, 1453, 
0.072, 1.263, 1454, 
0.046, 1.695, 1455, 
0.033, 1.676, 1456, 
0.052, 1.386, 1457, 
0.072, 1.264, 1458, 
0.059, 1.927, 1459, 
0.059, 1.687, 1460, 
0.078, 1.328, 1461, 
0.052, 1.982, 1462, 
0.051, 1.332, 1463, 
0.022, 0.948, 1464, 
0.011, 2.304, 1465, 
0.042, 1.574, 1466, 
0.053, 1.812, 1467, 
0.018, 1.921, 1468, 
0.058, 1.397, 1469, 
0.036, 1.008, 1470, 
0.058, 1.415, 1471, 
0.063, 1.925, 1472, 
0.054, 1.333, 1473, 
0.046, 1.152, 1474, 
0.066, 1.255, 1475, 
0.040, 1.314, 1476, 
0.038, 1.134, 1477, 
0.064, 1.564, 1478, 
0.068, 1.851, 1479, 
0.073, 1.456, 1480, 
0.067, 1.641, 1481, 
0.034, 0.987, 1482, 
0.060, 1.425, 1483, 
0.040, 1.731, 1484, 
0.062, 1.810, 1485, 
0.085, 1.253, 1486, 
0.073, 1.318, 1487, 
0.066, 1.741, 1488, 
0.047, 1.169, 1489, 
0.007, 1.224, 1490, 
0.012, 2.393, 1491, 
0.069, 1.462, 1492, 
0.041, 1.569, 1493, 
0.044, 1.746, 1494, 
0.084, 1.378, 1495, 
0.073, 2.095, 1496, 
0.033, 1.616, 1497, 
0.037, 1.977, 1498, 
0.088, 1.306, 1499, 
0.044, 1.173, 1500, 
0.097, 1.244, 1501, 
0.034, 2.560, 1502, 
0.043, 1.392, 1503, 
0.072, 2.605, 1504, 
0.092, 1.381, 1505, 
0.058, 1.436, 1506, 
0.034, 1.539, 1507, 
0.051, 2.095, 1508, 
0.090, 1.825, 1509, 
0.060, 1.284, 1510, 
0.050, 1.177, 1511, 
0.048, 1.565, 1512, 
0.044, 0.992, 1513, 
0.134, 1.622, 1514, 
0.054, 1.360, 1515, 
0.036, 1.086, 1516, 
0.087, 1.258, 1517, 
0.036, 1.323, 1518, 
0.033, 1.350, 1519, 
0.083, 1.535, 1520, 
0.042, 1.142, 1521, 
0.015, 1.041, 1522, 
0.076, 1.340, 1523, 
0.050, 1.992, 1524, 
0.029, 1.303, 1525, 
0.058, 1.820, 1526, 
0.037, 1.457, 1527, 
0.054, 1.079, 1528, 
0.081, 1.247, 1529, 
0.060, 1.623, 1530, 
0.066, 1.010, 1531, 
0.081, 1.496, 1532, 
0.078, 1.393, 1533, 
0.064, 1.956, 1534, 
0.032, 1.348, 1535, 
0.037, 1.611, 1536, 
0.041, 1.400, 1537, 
0.038, 0.988, 1538, 
0.057, 1.142, 1539, 
0.048, 1.630, 1540, 
0.040, 1.077, 1541, 
0.056, 1.445, 1542, 
0.072, 1.713, 1543, 
0.034, 1.399, 1544, 
0.042, 1.146, 1545, 
0.045, 0.933, 1546, 
0.047, 1.527, 1547, 
0.050, 1.173, 1548, 
0.088, 2.598, 1549, 
0.094, 1.244, 1550, 
0.050, 1.536, 1551, 
0.096, 1.845, 1552, 
0.026, 0.858, 1553, 
0.051, 1.939, 1554, 
0.063, 1.799, 1555, 
0.069, 1.598, 1556, 
0.039, 1.068, 1557, 
0.060, 2.395, 1558, 
0.062, 1.737, 1559, 
0.051, 0.865, 1560, 
0.047, 0.823, 1561, 
0.030, 1.319, 1562, 
0.053, 2.114, 1563, 
0.069, 1.889, 1564, 
0.031, 1.558, 1565, 
0.011, 2.368, 1566, 
0.043, 0.987, 1567, 
0.071, 1.341, 1568, 
0.050, 1.142, 1569, 
0.077, 2.674, 1570, 
0.070, 1.968, 1571, 
0.083, 1.330, 1572, 
0.053, 1.081, 1573, 
0.048, 1.525, 1574, 
0.081, 1.867, 1575, 
0.040, 1.224, 1576, 
0.083, 2.473, 1577, 
0.051, 1.537, 1578, 
0.048, 1.237, 1579, 
0.020, 0.791, 1580, 
0.081, 1.355, 1581, 
0.041, 1.176, 1582, 
0.070, 1.188, 1583, 
0.052, 0.797, 1584, 
0.035, 1.113, 1585, 
0.019, 1.158, 1586, 
0.067, 2.472, 1587, 
0.005, 1.403, 1588, 
0.045, 1.422, 1589, 
0.054, 1.307, 1590, 
0.058, 1.595, 1591, 
0.036, 1.745, 1592, 
0.039, 1.189, 1593, 
0.033, 1.623, 1594, 
0.056, 1.525, 1595, 
0.082, 1.892, 1596, 
0.074, 1.649, 1597, 
0.078, 2.468, 1598, 
0.052, 1.321, 1599, 
0.058, 2.479, 1600, 
0.034, 1.041, 1601, 
0.038, 0.910, 1602, 
0.044, 1.084, 1603, 
0.054, 1.121, 1604, 
0.052, 1.790, 1605, 
0.015, 2.543, 1606, 
0.046, 1.673, 1607, 
0.056, 1.244, 1608, 
0.057, 1.243, 1609, 
0.056, 2.185, 1610, 
0.036, 1.095, 1611, 
0.045, 1.257, 1612, 
-0.006, 2.615, 1613, 
0.027, 1.021, 1614, 
0.052, 1.317, 1615, 
0.054, 1.239, 1616, 
0.052, 2.106, 1617, 
0.049, 2.181, 1618, 
0.024, 2.117, 1619, 
0.097, 1.694, 1620, 
0.043, 1.401, 1621, 
0.051, 0.975, 1622, 
0.061, 1.087, 1623, 
0.097, 1.853, 1624, 
0.050, 0.807, 1625, 
0.051, 0.808, 1626, 
0.053, 1.129, 1627, 
0.075, 1.534, 1628, 
0.069, 1.334, 1629, 
0.054, 2.004, 1630, 
0.059, 1.905, 1631, 
0.064, 1.194, 1632, 
0.060, 1.552, 1633, 
0.032, 1.610, 1634, 
0.100, 1.297, 1635, 
0.068, 1.746, 1636, 
0.053, 2.128, 1637, 
0.102, 1.249, 1638, 
0.087, 1.854, 1639, 
0.046, 1.314, 1640, 
0.063, 1.109, 1641, 
0.048, 1.272, 1642, 
0.065, 1.000, 1643, 
0.053, 1.075, 1644, 
0.094, 1.548, 1645, 
0.048, 1.423, 1646, 
0.045, 1.424, 1647, 
0.047, 1.239, 1648, 
0.060, 1.976, 1649, 
0.083, 2.118, 1650, 
-0.007, 2.374, 1651, 
0.061, 1.619, 1652, 
0.067, 2.511, 1653, 
0.061, 1.401, 1654, 
0.047, 1.695, 1655, 
0.095, 1.881, 1656, 
0.058, 1.367, 1657, 
0.068, 1.212, 1658, 
0.086, 1.235, 1659, 
0.003, 2.326, 1660, 
0.066, 1.196, 1661, 
-0.002, 2.994, 1662, 
0.084, 1.650, 1663, 
0.063, 1.787, 1664, 
0.017, 1.375, 1665, 
0.054, 1.623, 1666, 
