mean,std,episode,x
0.006, 0.382, 1, 
-0.011, 0.293, 2, 
-0.004, 0.647, 3, 
-0.018, 0.491, 4, 
-0.014, 0.615, 5, 
-0.011, 0.887, 6, 
-0.009, 0.290, 7, 
-0.002, 0.413, 8, 
-0.002, 0.413, 9, 
0.005, 0.469, 10, 
-0.006, 0.858, 11, 
-0.020, 0.442, 12, 
-0.007, 0.448, 13, 
-0.007, 0.611, 14, 
0.004, 0.650, 15, 
-0.006, 0.478, 16, 
-0.008, 0.226, 17, 
0.006, 0.403, 18, 
-0.015, 0.532, 19, 
-0.014, 0.401, 20, 
-0.004, 0.632, 21, 
-0.018, 0.578, 22, 
-0.005, 0.311, 23, 
0.001, 0.289, 24, 
0.006, 0.290, 25, 
0.006, 0.685, 26, 
0.006, 0.412, 27, 
-0.002, 0.436, 28, 
-0.004, 0.475, 29, 
0.001, 0.309, 30, 
0.006, 0.458, 31, 
0.001, 0.763, 32, 
0.010, 0.351, 33, 
-0.002, 0.451, 34, 
-0.014, 0.389, 35, 
0.001, 0.314, 36, 
0.003, 0.412, 37, 
-0.006, 0.291, 38, 
0.006, 0.374, 39, 
0.001, 0.603, 40, 
-0.003, 0.426, 41, 
0.007, 0.316, 42, 
0.020, 0.513, 43, 
-0.005, 0.371, 44, 
0.019, 0.388, 45, 
0.004, 0.266, 46, 
0.009, 0.497, 47, 
-0.001, 0.290, 48, 
0.030, 0.578, 49, 
0.010, 0.333, 50, 
0.017, 0.448, 51, 
0.010, 0.454, 52, 
0.032, 0.624, 53, 
0.007, 0.384, 54, 
0.010, 0.577, 55, 
0.008, 0.391, 56, 
0.015, 0.341, 57, 
-0.005, 0.496, 58, 
0.008, 0.291, 59, 
0.003, 0.226, 60, 
0.014, 0.413, 61, 
0.002, 0.288, 62, 
0.008, 0.291, 63, 
0.009, 0.332, 64, 
0.011, 0.314, 65, 
0.007, 0.391, 66, 
0.005, 0.333, 67, 
0.012, 0.445, 68, 
0.001, 0.293, 69, 
0.013, 0.324, 70, 
0.002, 0.352, 71, 
0.011, 0.290, 72, 
0.006, 0.235, 73, 
0.005, 0.459, 74, 
0.010, 0.406, 75, 
0.007, 0.449, 76, 
0.021, 0.404, 77, 
0.012, 0.450, 78, 
0.011, 0.360, 79, 
0.013, 0.394, 80, 
-0.004, 0.398, 81, 
0.019, 0.340, 82, 
0.019, 0.341, 83, 
0.009, 0.317, 84, 
0.013, 0.500, 85, 
0.008, 0.321, 86, 
0.012, 0.315, 87, 
0.011, 0.391, 88, 
0.009, 0.495, 89, 
-0.001, 0.317, 90, 
0.008, 0.329, 91, 
0.024, 0.502, 92, 
-0.002, 0.847, 93, 
0.016, 0.351, 94, 
0.024, 0.484, 95, 
0.006, 0.501, 96, 
0.022, 0.484, 97, 
0.012, 0.697, 98, 
0.021, 0.618, 99, 
-0.002, 0.467, 100, 
0.012, 0.266, 101, 
0.013, 0.622, 102, 
0.005, 0.316, 103, 
0.010, 0.287, 104, 
0.015, 0.287, 105, 
0.015, 0.425, 106, 
0.012, 0.554, 107, 
0.005, 0.688, 108, 
0.011, 0.391, 109, 
0.022, 0.509, 110, 
0.015, 0.541, 111, 
0.008, 0.499, 112, 
0.015, 0.323, 113, 
-0.002, 0.419, 114, 
0.024, 0.554, 115, 
0.003, 0.323, 116, 
0.012, 0.425, 117, 
0.011, 0.359, 118, 
0.010, 0.525, 119, 
0.017, 0.437, 120, 
0.008, 0.335, 121, 
0.016, 0.287, 122, 
0.018, 0.405, 123, 
0.010, 0.266, 124, 
0.013, 0.416, 125, 
0.006, 0.292, 126, 
0.007, 0.396, 127, 
0.015, 0.391, 128, 
0.009, 0.396, 129, 
0.009, 0.568, 130, 
0.016, 0.488, 131, 
0.018, 0.364, 132, 
0.015, 0.467, 133, 
0.012, 0.406, 134, 
0.003, 0.501, 135, 
0.008, 0.233, 136, 
0.011, 0.340, 137, 
0.018, 0.689, 138, 
0.010, 0.325, 139, 
0.013, 0.400, 140, 
0.012, 0.525, 141, 
0.007, 0.410, 142, 
0.018, 0.728, 143, 
0.011, 0.585, 144, 
0.016, 0.290, 145, 
0.020, 0.477, 146, 
0.019, 0.402, 147, 
0.016, 0.334, 148, 
0.017, 0.365, 149, 
0.023, 0.718, 150, 
0.011, 0.495, 151, 
0.006, 0.313, 152, 
0.033, 0.717, 153, 
0.010, 0.243, 154, 
0.010, 0.275, 155, 
0.023, 0.365, 156, 
0.015, 0.411, 157, 
0.007, 0.251, 158, 
0.010, 0.324, 159, 
0.014, 0.341, 160, 
0.003, 0.317, 161, 
0.019, 0.476, 162, 
0.008, 0.513, 163, 
0.012, 0.377, 164, 
0.009, 0.332, 165, 
0.006, 0.585, 166, 
0.018, 0.496, 167, 
0.012, 0.453, 168, 
-0.002, 0.850, 169, 
0.007, 0.499, 170, 
0.005, 0.418, 171, 
0.022, 0.527, 172, 
0.013, 0.574, 173, 
0.014, 0.537, 174, 
0.008, 0.470, 175, 
0.011, 0.367, 176, 
0.014, 0.554, 177, 
0.017, 0.509, 178, 
0.015, 0.410, 179, 
0.016, 0.440, 180, 
0.008, 0.367, 181, 
0.017, 0.747, 182, 
0.029, 0.457, 183, 
0.008, 0.233, 184, 
0.008, 0.243, 185, 
0.014, 0.470, 186, 
0.009, 0.304, 187, 
0.009, 0.496, 188, 
0.005, 0.505, 189, 
0.006, 0.333, 190, 
0.020, 0.790, 191, 
0.008, 0.498, 192, 
0.012, 0.335, 193, 
0.011, 0.391, 194, 
0.009, 0.266, 195, 
0.010, 0.384, 196, 
0.011, 0.314, 197, 
0.011, 0.358, 198, 
0.018, 0.402, 199, 
0.007, 0.319, 200, 
0.014, 0.396, 201, 
0.004, 0.353, 202, 
0.010, 0.326, 203, 
0.020, 0.677, 204, 
0.016, 0.453, 205, 
0.024, 0.484, 206, 
0.012, 0.573, 207, 
0.003, 0.304, 208, 
0.005, 0.359, 209, 
0.018, 0.524, 210, 
0.007, 0.379, 211, 
0.019, 0.509, 212, 
0.004, 0.512, 213, 
0.009, 0.327, 214, 
0.027, 0.527, 215, 
0.011, 0.282, 216, 
0.015, 0.335, 217, 
0.007, 0.332, 218, 
0.014, 0.396, 219, 
0.002, 0.398, 220, 
0.014, 0.505, 221, 
0.006, 0.388, 222, 
0.013, 0.391, 223, 
0.005, 0.470, 224, 
0.012, 0.718, 225, 
0.014, 0.344, 226, 
0.005, 0.480, 227, 
0.004, 0.251, 228, 
0.017, 0.359, 229, 
0.006, 0.266, 230, 
0.010, 0.512, 231, 
0.010, 0.377, 232, 
0.012, 0.370, 233, 
0.006, 0.384, 234, 
0.016, 0.324, 235, 
0.023, 0.360, 236, 
0.015, 0.451, 237, 
0.014, 0.451, 238, 
0.013, 0.585, 239, 
0.019, 0.411, 240, 
0.014, 0.358, 241, 
0.016, 0.436, 242, 
0.020, 0.610, 243, 
0.015, 0.574, 244, 
0.022, 0.365, 245, 
0.019, 0.364, 246, 
0.013, 0.400, 247, 
0.019, 0.555, 248, 
0.008, 0.582, 249, 
0.008, 0.316, 250, 
0.007, 0.238, 251, 
0.013, 0.396, 252, 
0.014, 0.529, 253, 
0.015, 0.396, 254, 
0.014, 0.475, 255, 
0.008, 0.454, 256, 
0.006, 0.275, 257, 
0.010, 0.450, 258, 
0.018, 0.752, 259, 
0.017, 0.425, 260, 
0.008, 0.494, 261, 
0.017, 0.418, 262, 
0.021, 0.441, 263, 
0.021, 0.587, 264, 
0.020, 0.364, 265, 
0.009, 0.270, 266, 
0.008, 0.494, 267, 
0.002, 0.398, 268, 
0.019, 0.790, 269, 
0.009, 0.458, 270, 
0.026, 0.520, 271, 
0.005, 0.327, 272, 
0.022, 0.352, 273, 
0.010, 0.496, 274, 
0.018, 0.426, 275, 
0.008, 0.275, 276, 
0.011, 0.487, 277, 
0.009, 0.298, 278, 
0.011, 0.494, 279, 
0.006, 0.555, 280, 
0.019, 0.346, 281, 
0.007, 0.304, 282, 
0.017, 0.720, 283, 
0.020, 0.425, 284, 
0.014, 0.314, 285, 
0.019, 0.470, 286, 
0.013, 0.391, 287, 
0.018, 0.510, 288, 
0.012, 0.359, 289, 
0.021, 0.718, 290, 
0.017, 0.491, 291, 
0.016, 0.358, 292, 
0.019, 0.478, 293, 
0.014, 0.400, 294, 
0.005, 0.531, 295, 
0.016, 0.494, 296, 
0.021, 0.346, 297, 
0.007, 0.792, 298, 
0.017, 0.790, 299, 
0.013, 0.315, 300, 
0.013, 0.420, 301, 
0.011, 0.578, 302, 
0.008, 0.340, 303, 
0.007, 0.641, 304, 
0.016, 0.452, 305, 
0.017, 0.585, 306, 
0.017, 0.500, 307, 
0.018, 0.416, 308, 
0.013, 0.376, 309, 
-0.001, 0.669, 310, 
0.014, 0.401, 311, 
0.010, 0.392, 312, 
0.015, 0.451, 313, 
0.010, 0.488, 314, 
0.012, 0.455, 315, 
0.014, 0.451, 316, 
0.015, 0.500, 317, 
0.006, 0.359, 318, 
0.007, 0.739, 319, 
0.022, 0.768, 320, 
0.008, 0.253, 321, 
0.022, 0.381, 322, 
0.011, 0.452, 323, 
0.009, 0.335, 324, 
0.017, 0.438, 325, 
0.018, 0.457, 326, 
0.012, 0.499, 327, 
0.007, 0.374, 328, 
0.009, 0.270, 329, 
0.007, 0.501, 330, 
0.011, 0.383, 331, 
0.020, 0.426, 332, 
0.014, 0.478, 333, 
0.013, 0.391, 334, 
0.015, 0.233, 335, 
0.026, 0.547, 336, 
0.010, 0.325, 337, 
0.018, 0.384, 338, 
0.013, 0.366, 339, 
0.010, 0.327, 340, 
0.010, 0.410, 341, 
0.016, 0.358, 342, 
0.017, 0.526, 343, 
0.012, 0.500, 344, 
0.011, 0.314, 345, 
0.019, 0.611, 346, 
0.016, 0.375, 347, 
0.022, 0.548, 348, 
0.017, 0.359, 349, 
0.010, 0.498, 350, 
0.022, 0.516, 351, 
0.005, 0.506, 352, 
0.008, 0.452, 353, 
0.018, 0.568, 354, 
0.016, 0.402, 355, 
0.018, 0.402, 356, 
0.019, 0.677, 357, 
0.018, 0.381, 358, 
0.006, 0.326, 359, 
0.021, 0.647, 360, 
0.008, 0.332, 361, 
0.012, 0.333, 362, 
0.012, 0.554, 363, 
0.020, 0.358, 364, 
0.009, 0.496, 365, 
0.008, 0.226, 366, 
0.022, 0.577, 367, 
0.009, 0.293, 368, 
0.018, 0.365, 369, 
0.015, 0.343, 370, 
0.010, 0.313, 371, 
0.018, 0.454, 372, 
0.012, 0.410, 373, 
0.011, 0.501, 374, 
0.027, 0.414, 375, 
0.016, 0.531, 376, 
0.012, 0.270, 377, 
0.013, 0.344, 378, 
0.008, 0.471, 379, 
0.021, 0.359, 380, 
0.021, 0.440, 381, 
0.017, 0.720, 382, 
0.014, 0.477, 383, 
0.018, 0.454, 384, 
0.015, 0.443, 385, 
0.008, 0.323, 386, 
0.008, 0.294, 387, 
0.010, 0.392, 388, 
0.002, 0.267, 389, 
0.014, 0.416, 390, 
0.012, 0.298, 391, 
0.018, 0.427, 392, 
0.014, 0.526, 393, 
0.024, 0.489, 394, 
0.026, 0.792, 395, 
0.016, 0.537, 396, 
0.009, 0.445, 397, 
0.015, 0.507, 398, 
0.013, 0.414, 399, 
0.007, 0.253, 400, 
0.016, 0.427, 401, 
0.007, 0.450, 402, 
0.010, 0.372, 403, 
0.021, 0.431, 404, 
0.024, 0.381, 405, 
0.011, 0.339, 406, 
0.012, 0.509, 407, 
0.016, 0.447, 408, 
0.004, 0.303, 409, 
0.011, 0.392, 410, 
0.009, 0.396, 411, 
0.006, 0.323, 412, 
0.007, 0.287, 413, 
0.006, 0.505, 414, 
0.024, 0.542, 415, 
0.009, 0.450, 416, 
0.019, 0.610, 417, 
0.005, 0.233, 418, 
0.004, 0.512, 419, 
0.008, 0.328, 420, 
0.014, 0.427, 421, 
0.022, 0.457, 422, 
0.012, 0.290, 423, 
0.014, 0.729, 424, 
0.012, 0.280, 425, 
0.031, 0.482, 426, 
0.018, 0.451, 427, 
0.023, 0.503, 428, 
0.013, 0.410, 429, 
0.022, 0.360, 430, 
0.011, 0.280, 431, 
0.005, 0.323, 432, 
0.011, 0.243, 433, 
0.012, 0.396, 434, 
0.017, 0.631, 435, 
0.013, 0.698, 436, 
0.021, 0.364, 437, 
0.014, 0.472, 438, 
0.007, 0.480, 439, 
0.013, 0.538, 440, 
0.009, 0.480, 441, 
0.014, 0.454, 442, 
0.012, 0.621, 443, 
0.008, 0.316, 444, 
0.015, 0.568, 445, 
-0.003, 0.856, 446, 
0.016, 0.509, 447, 
0.013, 0.582, 448, 
0.013, 0.287, 449, 
0.008, 0.452, 450, 
0.012, 0.421, 451, 
0.014, 0.314, 452, 
0.009, 0.304, 453, 
0.009, 0.554, 454, 
0.003, 0.317, 455, 
0.010, 0.287, 456, 
0.015, 0.531, 457, 
0.014, 0.358, 458, 
0.012, 0.698, 459, 
0.013, 0.453, 460, 
0.002, 0.512, 461, 
0.007, 0.319, 462, 
0.016, 0.523, 463, 
0.012, 0.425, 464, 
0.016, 0.462, 465, 
0.018, 0.527, 466, 
0.015, 0.486, 467, 
0.009, 0.316, 468, 
0.008, 0.501, 469, 
0.017, 0.451, 470, 
0.009, 0.243, 471, 
0.005, 0.668, 472, 
0.010, 0.554, 473, 
0.010, 0.539, 474, 
0.016, 0.524, 475, 
0.012, 0.506, 476, 
0.006, 0.505, 477, 
0.008, 0.290, 478, 
0.006, 0.552, 479, 
0.015, 0.494, 480, 
0.011, 0.377, 481, 
0.020, 0.411, 482, 
0.011, 0.698, 483, 
0.006, 0.552, 484, 
0.011, 0.455, 485, 
0.008, 0.467, 486, 
0.013, 0.351, 487, 
0.016, 0.414, 488, 
0.013, 0.402, 489, 
0.008, 0.477, 490, 
0.009, 0.621, 491, 
0.014, 0.477, 492, 
0.020, 0.477, 493, 
0.015, 0.420, 494, 
0.010, 0.455, 495, 
0.007, 0.344, 496, 
0.012, 0.335, 497, 
0.008, 0.256, 498, 
0.018, 0.358, 499, 
0.014, 0.568, 500, 
0.013, 0.537, 501, 
0.010, 0.416, 502, 
0.014, 0.568, 503, 
0.021, 0.341, 504, 
0.013, 0.291, 505, 
0.018, 0.544, 506, 
0.006, 0.275, 507, 
0.011, 0.690, 508, 
0.014, 0.280, 509, 
0.015, 0.489, 510, 
0.015, 0.334, 511, 
0.011, 0.338, 512, 
0.014, 0.574, 513, 
0.012, 0.698, 514, 
0.012, 0.479, 515, 
0.013, 0.555, 516, 
0.016, 0.451, 517, 
0.023, 0.410, 518, 
0.026, 0.577, 519, 
0.014, 0.418, 520, 
0.004, 0.317, 521, 
0.011, 0.549, 522, 
0.005, 0.368, 523, 
0.014, 0.384, 524, 
0.009, 0.554, 525, 
0.009, 0.416, 526, 
0.010, 0.513, 527, 
0.012, 0.467, 528, 
0.021, 0.602, 529, 
0.018, 0.290, 530, 
0.024, 0.547, 531, 
0.025, 0.547, 532, 
0.014, 0.402, 533, 
0.011, 0.500, 534, 
0.016, 0.531, 535, 
0.006, 0.308, 536, 
0.009, 0.256, 537, 
0.015, 0.728, 538, 
0.006, 0.374, 539, 
0.013, 0.324, 540, 
0.011, 0.406, 541, 
0.009, 0.274, 542, 
0.025, 0.547, 543, 
0.012, 0.324, 544, 
0.012, 0.538, 545, 
0.004, 0.352, 546, 
0.007, 0.554, 547, 
0.011, 0.234, 548, 
0.011, 0.500, 549, 
0.008, 0.328, 550, 
0.008, 0.380, 551, 
0.007, 0.348, 552, 
0.016, 0.532, 553, 
0.015, 0.454, 554, 
0.004, 0.319, 555, 
0.018, 0.342, 556, 
0.021, 0.341, 557, 
0.025, 0.548, 558, 
0.019, 0.524, 559, 
0.022, 0.353, 560, 
0.009, 0.327, 561, 
0.015, 0.359, 562, 
0.013, 0.333, 563, 
0.030, 0.503, 564, 
0.024, 0.357, 565, 
0.022, 0.553, 566, 
0.006, 0.467, 567, 
0.021, 0.386, 568, 
0.006, 0.502, 569, 
0.023, 0.776, 570, 
0.023, 0.510, 571, 
0.028, 0.677, 572, 
0.010, 0.532, 573, 
0.008, 0.359, 574, 
0.022, 0.572, 575, 
0.019, 0.492, 576, 
0.027, 0.604, 577, 
0.013, 0.353, 578, 
0.011, 0.388, 579, 
0.017, 0.612, 580, 
0.015, 0.421, 581, 
0.014, 0.233, 582, 
0.026, 0.412, 583, 
0.023, 0.440, 584, 
0.011, 0.367, 585, 
0.022, 0.463, 586, 
0.017, 0.481, 587, 
0.013, 0.256, 588, 
0.014, 0.436, 589, 
0.019, 0.392, 590, 
0.015, 0.569, 591, 
0.017, 0.510, 592, 
0.018, 0.627, 593, 
0.012, 0.506, 594, 
0.013, 0.507, 595, 
0.022, 0.518, 596, 
0.024, 0.605, 597, 
0.012, 0.517, 598, 
0.015, 0.622, 599, 
0.012, 0.293, 600, 
0.013, 0.371, 601, 
0.035, 0.486, 602, 
0.005, 0.381, 603, 
0.016, 0.353, 604, 
0.016, 0.353, 605, 
0.026, 0.528, 606, 
0.025, 0.432, 607, 
0.008, 0.419, 608, 
0.013, 0.479, 609, 
0.007, 0.380, 610, 
0.012, 0.531, 611, 
0.004, 0.688, 612, 
0.019, 0.477, 613, 
0.014, 0.390, 614, 
0.010, 0.365, 615, 
0.011, 0.455, 616, 
0.013, 0.325, 617, 
0.024, 0.465, 618, 
0.012, 0.336, 619, 
0.016, 0.438, 620, 
0.013, 0.644, 621, 
0.007, 0.587, 622, 
0.008, 0.419, 623, 
0.007, 0.287, 624, 
0.006, 0.233, 625, 
0.023, 0.402, 626, 
0.015, 0.366, 627, 
0.016, 0.256, 628, 
0.009, 0.359, 629, 
0.008, 0.452, 630, 
0.016, 0.478, 631, 
0.012, 0.440, 632, 
-0.002, 0.399, 633, 
-0.004, 0.584, 634, 
0.010, 0.479, 635, 
0.018, 0.365, 636, 
-0.007, 0.590, 637, 
0.024, 0.463, 638, 
0.015, 0.358, 639, 
0.018, 0.531, 640, 
0.018, 0.608, 641, 
0.023, 0.488, 642, 
0.009, 0.396, 643, 
0.012, 0.391, 644, 
0.022, 0.360, 645, 
0.017, 0.625, 646, 
0.010, 0.332, 647, 
0.017, 0.384, 648, 
0.016, 0.416, 649, 
0.025, 0.404, 650, 
0.005, 0.253, 651, 
0.016, 0.420, 652, 
0.017, 0.574, 653, 
0.003, 0.314, 654, 
0.012, 0.275, 655, 
0.014, 0.293, 656, 
0.017, 0.556, 657, 
0.015, 0.339, 658, 
0.029, 0.554, 659, 
0.019, 0.372, 660, 
0.011, 0.496, 661, 
0.018, 0.389, 662, 
0.007, 0.233, 663, 
0.014, 0.419, 664, 
0.010, 0.411, 665, 
0.023, 0.511, 666, 
0.014, 0.392, 667, 
0.011, 0.388, 668, 
0.010, 0.274, 669, 
0.015, 0.455, 670, 
0.019, 0.423, 671, 
0.005, 0.233, 672, 
0.022, 0.455, 673, 
0.020, 0.555, 674, 
0.015, 0.352, 675, 
0.015, 0.339, 676, 
0.012, 0.474, 677, 
0.010, 0.274, 678, 
0.022, 0.555, 679, 
0.016, 0.470, 680, 
0.027, 0.458, 681, 
0.019, 0.471, 682, 
0.009, 0.226, 683, 
0.008, 0.447, 684, 
0.017, 0.649, 685, 
0.014, 0.401, 686, 
0.010, 0.238, 687, 
0.032, 0.413, 688, 
0.019, 0.425, 689, 
0.019, 0.539, 690, 
0.020, 0.467, 691, 
0.024, 0.454, 692, 
0.012, 0.645, 693, 
0.014, 0.531, 694, 
0.016, 0.453, 695, 
0.028, 0.405, 696, 
0.012, 0.290, 697, 
0.011, 0.364, 698, 
0.010, 0.447, 699, 
0.016, 0.552, 700, 
0.009, 0.332, 701, 
0.015, 0.451, 702, 
0.011, 0.244, 703, 
0.015, 0.390, 704, 
0.014, 0.324, 705, 
0.008, 0.416, 706, 
0.010, 0.367, 707, 
0.012, 0.390, 708, 
0.012, 0.405, 709, 
0.002, 0.320, 710, 
0.012, 0.336, 711, 
0.019, 0.452, 712, 
0.011, 0.256, 713, 
0.014, 0.421, 714, 
0.005, 0.317, 715, 
0.017, 0.358, 716, 
0.020, 0.346, 717, 
0.015, 0.384, 718, 
0.025, 0.463, 719, 
0.001, 0.399, 720, 
0.018, 0.452, 721, 
0.014, 0.422, 722, 
0.008, 0.379, 723, 
0.008, 0.290, 724, 
0.021, 0.290, 725, 
0.012, 0.335, 726, 
0.018, 0.647, 727, 
0.012, 0.468, 728, 
0.020, 0.536, 729, 
0.027, 0.426, 730, 
0.016, 0.336, 731, 
0.001, 0.399, 732, 
0.020, 0.927, 733, 
0.016, 0.324, 734, 
0.021, 0.403, 735, 
0.014, 0.405, 736, 
0.018, 0.458, 737, 
0.012, 0.574, 738, 
0.012, 0.287, 739, 
0.020, 0.760, 740, 
0.029, 0.681, 741, 
0.016, 0.345, 742, 
0.016, 0.493, 743, 
0.012, 0.267, 744, 
0.010, 0.315, 745, 
0.012, 0.340, 746, 
0.036, 0.488, 747, 
0.003, 0.801, 748, 
0.014, 0.335, 749, 
0.011, 0.447, 750, 
0.015, 0.531, 751, 
0.014, 0.584, 752, 
0.017, 0.512, 753, 
0.011, 0.502, 754, 
0.027, 0.488, 755, 
0.013, 0.359, 756, 
0.016, 0.439, 757, 
0.013, 0.346, 758, 
0.010, 0.490, 759, 
0.017, 0.392, 760, 
0.025, 0.540, 761, 
0.020, 0.292, 762, 
0.006, 0.315, 763, 
0.011, 0.369, 764, 
0.019, 0.654, 765, 
-0.002, 0.422, 766, 
0.009, 0.344, 767, 
0.009, 0.472, 768, 
0.018, 0.392, 769, 
0.007, 0.329, 770, 
0.030, 0.512, 771, 
0.007, 0.392, 772, 
0.022, 0.391, 773, 
0.023, 0.366, 774, 
0.012, 0.588, 775, 
0.009, 0.344, 776, 
0.013, 0.454, 777, 
0.004, 0.313, 778, 
0.017, 0.496, 779, 
0.007, 0.763, 780, 
0.004, 0.553, 781, 
0.018, 0.324, 782, 
0.009, 0.333, 783, 
0.014, 0.365, 784, 
0.015, 0.534, 785, 
0.024, 0.490, 786, 
0.028, 0.503, 787, 
0.024, 0.431, 788, 
0.016, 0.617, 789, 
0.015, 0.392, 790, 
0.013, 0.233, 791, 
0.023, 0.527, 792, 
0.004, 0.304, 793, 
0.010, 0.287, 794, 
0.011, 0.478, 795, 
0.013, 0.390, 796, 
0.012, 0.365, 797, 
0.008, 0.454, 798, 
0.010, 0.370, 799, 
0.015, 0.321, 800, 
0.011, 0.506, 801, 
0.024, 0.555, 802, 
0.019, 0.429, 803, 
0.013, 0.282, 804, 
0.027, 0.553, 805, 
0.017, 0.574, 806, 
0.014, 0.395, 807, 
0.006, 0.233, 808, 
0.014, 0.256, 809, 
0.012, 0.290, 810, 
0.036, 0.719, 811, 
0.008, 0.762, 812, 
0.026, 0.504, 813, 
0.016, 0.549, 814, 
0.017, 0.425, 815, 
0.013, 0.275, 816, 
0.014, 0.384, 817, 
0.013, 0.334, 818, 
0.016, 0.359, 819, 
0.009, 0.467, 820, 
0.007, 0.404, 821, 
0.015, 0.314, 822, 
0.005, 0.344, 823, 
0.016, 0.497, 824, 
0.017, 0.476, 825, 
0.018, 0.454, 826, 
0.017, 0.406, 827, 
0.022, 0.360, 828, 
0.019, 0.531, 829, 
0.011, 0.346, 830, 
0.020, 0.518, 831, 
0.018, 0.405, 832, 
0.011, 0.416, 833, 
0.012, 0.377, 834, 
0.020, 0.427, 835, 
0.013, 0.287, 836, 
0.008, 0.233, 837, 
0.010, 0.316, 838, 
0.022, 0.411, 839, 
0.006, 0.251, 840, 
0.019, 0.365, 841, 
0.025, 0.678, 842, 
0.024, 0.426, 843, 
0.010, 0.402, 844, 
0.021, 0.554, 845, 
0.007, 0.555, 846, 
0.007, 0.333, 847, 
0.020, 0.320, 848, 
0.011, 0.411, 849, 
0.017, 0.727, 850, 
0.027, 0.551, 851, 
0.010, 0.514, 852, 
0.017, 0.550, 853, 
0.008, 0.486, 854, 
0.011, 0.277, 855, 
0.010, 0.238, 856, 
0.010, 0.763, 857, 
0.023, 0.733, 858, 
0.011, 0.318, 859, 
0.020, 0.540, 860, 
0.026, 0.530, 861, 
0.011, 0.533, 862, 
0.016, 0.503, 863, 
0.010, 0.397, 864, 
0.020, 0.342, 865, 
0.010, 0.291, 866, 
0.004, 0.315, 867, 
0.008, 0.369, 868, 
0.016, 0.388, 869, 
0.011, 0.929, 870, 
0.017, 0.359, 871, 
0.013, 0.485, 872, 
0.015, 0.333, 873, 
0.021, 0.527, 874, 
0.009, 0.226, 875, 
0.007, 0.326, 876, 
0.030, 0.721, 877, 
0.010, 0.628, 878, 
0.021, 0.377, 879, 
0.015, 0.384, 880, 
0.012, 0.521, 881, 
0.012, 0.365, 882, 
0.026, 0.554, 883, 
0.021, 0.625, 884, 
0.016, 0.376, 885, 
0.015, 0.396, 886, 
0.023, 0.541, 887, 
0.022, 0.617, 888, 
0.009, 0.348, 889, 
0.013, 0.261, 890, 
0.007, 0.380, 891, 
0.007, 0.369, 892, 
0.005, 0.471, 893, 
0.014, 0.341, 894, 
0.018, 0.518, 895, 
0.010, 0.291, 896, 
0.020, 0.358, 897, 
0.016, 0.392, 898, 
0.004, 0.448, 899, 
0.001, 0.400, 900, 
0.016, 0.480, 901, 
0.015, 0.438, 902, 
0.029, 0.555, 903, 
0.028, 0.361, 904, 
0.010, 0.368, 905, 
0.013, 0.386, 906, 
0.028, 0.682, 907, 
0.012, 0.457, 908, 
0.017, 0.451, 909, 
0.009, 0.625, 910, 
0.008, 0.496, 911, 
0.020, 0.359, 912, 
0.008, 0.692, 913, 
0.011, 0.336, 914, 
0.015, 0.392, 915, 
0.013, 0.498, 916, 
0.008, 0.294, 917, 
0.018, 0.335, 918, 
0.016, 0.598, 919, 
0.020, 0.352, 920, 
0.020, 0.945, 921, 
0.011, 0.422, 922, 
0.012, 0.369, 923, 
0.019, 0.479, 924, 
0.017, 0.539, 925, 
0.017, 0.526, 926, 
-0.004, 0.860, 927, 
0.006, 0.385, 928, 
0.018, 0.438, 929, 
0.019, 0.698, 930, 
0.021, 0.386, 931, 
0.010, 0.474, 932, 
0.012, 0.500, 933, 
0.021, 0.554, 934, 
0.011, 0.235, 935, 
0.010, 0.416, 936, 
0.011, 0.445, 937, 
0.021, 0.501, 938, 
0.010, 0.368, 939, 
0.018, 0.426, 940, 
0.008, 0.274, 941, 
0.006, 0.613, 942, 
0.020, 0.699, 943, 
0.017, 0.512, 944, 
0.018, 0.419, 945, 
0.011, 0.454, 946, 
0.011, 0.453, 947, 
0.019, 0.256, 948, 
0.021, 0.727, 949, 
0.020, 0.524, 950, 
0.008, 0.270, 951, 
0.020, 0.572, 952, 
0.004, 0.353, 953, 
0.009, 0.388, 954, 
0.018, 0.477, 955, 
0.013, 0.316, 956, 
0.017, 0.525, 957, 
0.023, 0.486, 958, 
0.013, 0.336, 959, 
0.021, 0.430, 960, 
0.016, 0.451, 961, 
0.024, 0.534, 962, 
0.012, 0.283, 963, 
0.026, 0.346, 964, 
0.015, 0.499, 965, 
0.010, 0.403, 966, 
0.021, 0.353, 967, 
0.030, 0.493, 968, 
0.014, 0.508, 969, 
0.015, 0.479, 970, 
0.016, 0.428, 971, 
0.015, 0.496, 972, 
0.009, 0.456, 973, 
0.006, 0.396, 974, 
0.012, 0.479, 975, 
0.007, 0.267, 976, 
0.013, 0.291, 977, 
0.007, 0.330, 978, 
0.013, 0.403, 979, 
0.009, 0.456, 980, 
0.007, 0.305, 981, 
0.021, 0.404, 982, 
0.015, 0.322, 983, 
0.012, 0.428, 984, 
0.020, 0.511, 985, 
0.010, 0.416, 986, 
0.010, 0.291, 987, 
0.009, 0.501, 988, 
0.027, 0.389, 989, 
0.014, 0.402, 990, 
0.022, 0.556, 991, 
0.021, 0.353, 992, 
0.020, 0.391, 993, 
0.009, 0.244, 994, 
0.011, 0.471, 995, 
0.015, 0.335, 996, 
0.008, 0.332, 997, 
0.011, 0.448, 998, 
0.021, 0.424, 999, 
0.014, 0.575, 1000, 
0.011, 0.469, 1001, 
0.020, 0.464, 1002, 
0.008, 0.316, 1003, 
0.008, 0.467, 1004, 
0.006, 0.747, 1005, 
0.012, 0.740, 1006, 
0.011, 0.474, 1007, 
0.007, 0.266, 1008, 
0.036, 0.677, 1009, 
0.004, 0.513, 1010, 
0.007, 0.323, 1011, 
0.018, 0.559, 1012, 
0.011, 0.576, 1013, 
0.013, 0.262, 1014, 
0.018, 0.291, 1015, 
0.006, 0.274, 1016, 
0.005, 0.585, 1017, 
0.029, 0.528, 1018, 
0.011, 0.499, 1019, 
0.017, 0.336, 1020, 
0.016, 0.454, 1021, 
0.009, 0.323, 1022, 
0.012, 0.531, 1023, 
0.014, 0.411, 1024, 
0.022, 0.365, 1025, 
0.010, 0.223, 1026, 
0.010, 0.226, 1027, 
0.011, 0.335, 1028, 
0.025, 0.554, 1029, 
0.013, 0.233, 1030, 
0.022, 0.510, 1031, 
0.009, 0.488, 1032, 
0.015, 0.340, 1033, 
0.011, 0.325, 1034, 
0.020, 0.390, 1035, 
0.014, 0.291, 1036, 
0.010, 0.380, 1037, 
0.012, 0.383, 1038, 
0.011, 0.366, 1039, 
0.011, 0.293, 1040, 
0.010, 0.238, 1041, 
0.023, 0.405, 1042, 
0.003, 0.381, 1043, 
0.011, 0.471, 1044, 
0.012, 0.360, 1045, 
0.012, 0.388, 1046, 
0.013, 0.396, 1047, 
0.019, 0.609, 1048, 
0.010, 0.235, 1049, 
0.012, 0.496, 1050, 
0.003, 0.398, 1051, 
0.016, 0.587, 1052, 
0.007, 0.344, 1053, 
0.029, 0.502, 1054, 
0.006, 0.253, 1055, 
0.014, 0.470, 1056, 
0.008, 0.500, 1057, 
0.010, 0.506, 1058, 
0.009, 0.328, 1059, 
0.010, 0.425, 1060, 
0.009, 0.266, 1061, 
0.022, 0.424, 1062, 
0.015, 0.320, 1063, 
0.024, 0.503, 1064, 
0.020, 0.516, 1065, 
0.013, 0.335, 1066, 
0.014, 0.410, 1067, 
0.011, 0.498, 1068, 
0.019, 0.790, 1069, 
0.015, 0.691, 1070, 
0.017, 0.372, 1071, 
0.011, 0.396, 1072, 
0.010, 0.506, 1073, 
0.015, 0.358, 1074, 
0.011, 0.377, 1075, 
0.019, 0.371, 1076, 
0.020, 0.441, 1077, 
0.019, 0.390, 1078, 
0.017, 0.424, 1079, 
0.012, 0.410, 1080, 
0.032, 0.502, 1081, 
0.005, 0.531, 1082, 
0.020, 0.381, 1083, 
0.018, 0.527, 1084, 
0.015, 0.510, 1085, 
0.016, 0.489, 1086, 
0.018, 0.526, 1087, 
0.017, 0.420, 1088, 
0.016, 0.418, 1089, 
0.014, 0.315, 1090, 
0.007, 0.554, 1091, 
0.016, 0.470, 1092, 
0.019, 0.437, 1093, 
0.007, 0.505, 1094, 
0.010, 0.275, 1095, 
0.016, 0.412, 1096, 
0.013, 0.340, 1097, 
0.010, 0.304, 1098, 
-0.001, 0.851, 1099, 
0.007, 0.343, 1100, 
0.011, 0.389, 1101, 
0.020, 0.360, 1102, 
0.014, 0.507, 1103, 
0.006, 0.374, 1104, 
0.021, 0.488, 1105, 
0.023, 0.366, 1106, 
0.010, 0.621, 1107, 
0.011, 0.335, 1108, 
0.013, 0.234, 1109, 
0.025, 0.517, 1110, 
0.016, 0.436, 1111, 
0.010, 0.326, 1112, 
0.008, 0.370, 1113, 
0.008, 0.384, 1114, 
0.010, 0.426, 1115, 
0.011, 0.293, 1116, 
0.016, 0.524, 1117, 
0.015, 0.568, 1118, 
0.020, 0.371, 1119, 
0.015, 0.748, 1120, 
0.017, 0.427, 1121, 
0.018, 0.371, 1122, 
0.026, 0.547, 1123, 
0.014, 0.586, 1124, 
0.013, 0.539, 1125, 
0.016, 0.510, 1126, 
0.020, 0.425, 1127, 
0.018, 0.297, 1128, 
0.013, 0.384, 1129, 
0.011, 0.468, 1130, 
0.010, 0.270, 1131, 
0.010, 0.505, 1132, 
-0.000, 0.398, 1133, 
0.009, 0.313, 1134, 
0.010, 0.736, 1135, 
0.017, 0.477, 1136, 
0.014, 0.461, 1137, 
0.015, 0.699, 1138, 
0.008, 0.313, 1139, 
0.016, 0.314, 1140, 
0.028, 0.773, 1141, 
0.005, 0.314, 1142, 
0.011, 0.477, 1143, 
0.015, 0.233, 1144, 
0.010, 0.396, 1145, 
0.009, 0.308, 1146, 
0.011, 0.314, 1147, 
0.016, 0.324, 1148, 
0.014, 0.421, 1149, 
0.012, 0.321, 1150, 
0.013, 0.335, 1151, 
0.010, 0.621, 1152, 
0.017, 0.647, 1153, 
0.022, 0.631, 1154, 
0.010, 0.549, 1155, 
0.018, 0.753, 1156, 
0.009, 0.496, 1157, 
0.020, 0.531, 1158, 
0.017, 0.453, 1159, 
0.012, 0.367, 1160, 
0.016, 0.420, 1161, 
0.022, 0.579, 1162, 
0.022, 0.403, 1163, 
0.013, 0.499, 1164, 
0.015, 0.324, 1165, 
0.018, 0.320, 1166, 
0.019, 0.320, 1167, 
0.013, 0.410, 1168, 
0.016, 0.477, 1169, 
0.028, 0.616, 1170, 
0.005, 0.554, 1171, 
0.014, 0.413, 1172, 
0.022, 0.603, 1173, 
0.015, 0.453, 1174, 
0.010, 0.396, 1175, 
0.016, 0.314, 1176, 
0.010, 0.326, 1177, 
0.013, 0.342, 1178, 
0.014, 0.389, 1179, 
0.006, 0.253, 1180, 
0.013, 0.321, 1181, 
0.017, 0.497, 1182, 
0.009, 0.328, 1183, 
0.010, 0.392, 1184, 
0.020, 0.544, 1185, 
0.004, 0.688, 1186, 
0.015, 0.450, 1187, 
0.018, 0.604, 1188, 
0.002, 0.553, 1189, 
0.011, 0.325, 1190, 
0.011, 0.316, 1191, 
0.024, 0.405, 1192, 
0.020, 0.943, 1193, 
0.014, 0.336, 1194, 
0.006, 0.344, 1195, 
0.005, 0.344, 1196, 
0.009, 0.374, 1197, 
0.009, 0.332, 1198, 
0.012, 0.234, 1199, 
0.018, 0.439, 1200, 
0.015, 0.292, 1201, 
0.011, 0.270, 1202, 
0.010, 0.467, 1203, 
0.017, 0.291, 1204, 
0.007, 0.344, 1205, 
0.011, 0.293, 1206, 
0.010, 0.502, 1207, 
0.025, 0.553, 1208, 
0.016, 0.588, 1209, 
0.015, 0.933, 1210, 
0.017, 0.314, 1211, 
0.013, 0.453, 1212, 
0.011, 0.335, 1213, 
0.029, 0.460, 1214, 
0.011, 0.401, 1215, 
0.016, 0.525, 1216, 
0.014, 0.496, 1217, 
0.022, 0.799, 1218, 
0.012, 0.497, 1219, 
0.009, 0.314, 1220, 
0.018, 0.358, 1221, 
0.011, 0.316, 1222, 
0.018, 0.352, 1223, 
0.012, 0.426, 1224, 
0.026, 0.554, 1225, 
-0.006, 0.865, 1226, 
0.012, 0.499, 1227, 
0.019, 0.425, 1228, 
-0.005, 0.597, 1229, 
0.012, 0.275, 1230, 
0.016, 0.451, 1231, 
0.015, 0.364, 1232, 
0.009, 0.628, 1233, 
0.005, 0.328, 1234, 
0.014, 0.365, 1235, 
0.015, 0.622, 1236, 
0.025, 0.365, 1237, 
0.023, 0.477, 1238, 
0.008, 0.375, 1239, 
0.010, 0.293, 1240, 
0.020, 0.942, 1241, 
0.004, 0.501, 1242, 
0.023, 0.556, 1243, 
0.011, 0.630, 1244, 
0.016, 0.478, 1245, 
0.008, 0.326, 1246, 
0.014, 0.468, 1247, 
0.006, 0.328, 1248, 
0.015, 0.577, 1249, 
0.015, 0.234, 1250, 
0.022, 0.514, 1251, 
0.020, 0.501, 1252, 
0.018, 0.359, 1253, 
0.009, 0.416, 1254, 
0.006, 0.406, 1255, 
0.014, 0.427, 1256, 
0.007, 0.503, 1257, 
0.005, 0.233, 1258, 
0.017, 0.352, 1259, 
0.024, 0.504, 1260, 
0.019, 0.574, 1261, 
0.024, 0.426, 1262, 
0.009, 0.277, 1263, 
0.015, 0.506, 1264, 
0.012, 0.468, 1265, 
0.026, 0.431, 1266, 
0.011, 0.348, 1267, 
0.014, 0.426, 1268, 
0.014, 0.406, 1269, 
0.016, 0.402, 1270, 
0.014, 0.496, 1271, 
0.011, 0.294, 1272, 
0.015, 0.392, 1273, 
0.014, 0.288, 1274, 
0.012, 0.262, 1275, 
0.015, 0.421, 1276, 
0.021, 0.413, 1277, 
0.024, 0.680, 1278, 
0.010, 0.359, 1279, 
0.013, 0.256, 1280, 
0.018, 0.576, 1281, 
0.012, 0.326, 1282, 
0.004, 0.320, 1283, 
0.020, 0.353, 1284, 
0.027, 0.528, 1285, 
0.022, 0.392, 1286, 
0.004, 0.528, 1287, 
0.006, 0.468, 1288, 
0.014, 0.353, 1289, 
0.018, 0.502, 1290, 
0.010, 0.294, 1291, 
0.010, 0.367, 1292, 
0.014, 0.335, 1293, 
0.020, 0.412, 1294, 
0.013, 0.417, 1295, 
0.001, 0.868, 1296, 
0.019, 0.700, 1297, 
0.016, 0.420, 1298, 
0.021, 0.501, 1299, 
0.006, 0.491, 1300, 
0.026, 0.622, 1301, 
0.010, 0.275, 1302, 
0.014, 0.538, 1303, 
-0.007, 0.811, 1304, 
0.021, 0.530, 1305, 
0.008, 0.313, 1306, 
0.024, 0.478, 1307, 
0.012, 0.234, 1308, 
0.015, 0.335, 1309, 
0.018, 0.418, 1310, 
0.016, 0.314, 1311, 
0.015, 0.453, 1312, 
0.018, 0.324, 1313, 
0.016, 0.359, 1314, 
0.009, 0.349, 1315, 
0.017, 0.560, 1316, 
0.018, 0.408, 1317, 
0.018, 0.386, 1318, 
0.016, 0.386, 1319, 
0.018, 0.492, 1320, 
0.013, 0.427, 1321, 
0.011, 0.262, 1322, 
0.018, 0.428, 1323, 
0.018, 0.501, 1324, 
0.017, 0.428, 1325, 
0.019, 0.632, 1326, 
0.044, 0.484, 1327, 
0.003, 0.353, 1328, 
0.020, 0.559, 1329, 
0.014, 0.499, 1330, 
0.020, 0.502, 1331, 
0.008, 0.479, 1332, 
-0.009, 0.609, 1333, 
0.024, 0.524, 1334, 
0.005, 0.251, 1335, 
0.019, 0.478, 1336, 
0.028, 0.366, 1337, 
0.007, 0.504, 1338, 
0.004, 0.419, 1339, 
0.008, 0.391, 1340, 
0.012, 0.452, 1341, 
0.011, 0.485, 1342, 
0.011, 0.379, 1343, 
0.008, 0.533, 1344, 
0.022, 0.366, 1345, 
0.006, 0.313, 1346, 
0.024, 0.432, 1347, 
0.007, 0.326, 1348, 
0.011, 0.342, 1349, 
0.014, 0.500, 1350, 
0.016, 0.505, 1351, 
0.012, 0.266, 1352, 
0.019, 0.510, 1353, 
0.016, 0.478, 1354, 
0.008, 0.277, 1355, 
0.006, 0.381, 1356, 
0.008, 0.370, 1357, 
0.025, 0.520, 1358, 
0.026, 0.426, 1359, 
0.013, 0.261, 1360, 
0.017, 0.425, 1361, 
0.013, 0.575, 1362, 
0.022, 0.365, 1363, 
0.009, 0.497, 1364, 
0.016, 0.402, 1365, 
0.012, 0.489, 1366, 
0.015, 0.390, 1367, 
0.013, 0.453, 1368, 
0.021, 0.377, 1369, 
0.011, 0.453, 1370, 
0.014, 0.417, 1371, 
0.022, 0.430, 1372, 
0.021, 0.454, 1373, 
0.017, 0.351, 1374, 
0.015, 0.343, 1375, 
0.014, 0.336, 1376, 
0.004, 0.800, 1377, 
0.015, 0.405, 1378, 
0.012, 0.417, 1379, 
0.014, 0.383, 1380, 
0.027, 0.431, 1381, 
0.012, 0.501, 1382, 
0.026, 0.423, 1383, 
0.018, 0.398, 1384, 
0.019, 0.490, 1385, 
0.013, 0.374, 1386, 
0.012, 0.234, 1387, 
0.024, 0.457, 1388, 
0.012, 0.243, 1389, 
0.013, 0.397, 1390, 
0.022, 0.420, 1391, 
0.005, 0.512, 1392, 
0.004, 0.406, 1393, 
0.013, 0.244, 1394, 
0.020, 0.377, 1395, 
0.013, 0.244, 1396, 
0.028, 0.406, 1397, 
0.010, 0.345, 1398, 
0.011, 0.370, 1399, 
0.007, 0.375, 1400, 
0.008, 0.484, 1401, 
0.006, 0.329, 1402, 
0.015, 0.622, 1403, 
0.019, 0.526, 1404, 
0.012, 0.294, 1405, 
0.009, 0.470, 1406, 
0.019, 0.343, 1407, 
0.013, 0.293, 1408, 
0.019, 0.512, 1409, 
0.020, 0.512, 1410, 
0.005, 0.398, 1411, 
0.013, 0.288, 1412, 
0.003, 0.765, 1413, 
0.021, 0.320, 1414, 
0.011, 0.288, 1415, 
0.018, 0.320, 1416, 
0.009, 0.267, 1417, 
0.007, 0.484, 1418, 
0.002, 0.555, 1419, 
0.017, 0.497, 1420, 
0.015, 0.334, 1421, 
0.013, 0.314, 1422, 
0.013, 0.396, 1423, 
0.030, 0.548, 1424, 
0.012, 0.234, 1425, 
0.019, 0.454, 1426, 
0.011, 0.304, 1427, 
0.002, 0.565, 1428, 
0.012, 0.467, 1429, 
0.011, 0.314, 1430, 
0.011, 0.335, 1431, 
0.024, 0.412, 1432, 
0.009, 0.380, 1433, 
0.006, 0.323, 1434, 
0.020, 0.510, 1435, 
0.011, 0.367, 1436, 
0.019, 0.427, 1437, 
0.019, 0.427, 1438, 
0.009, 0.494, 1439, 
0.012, 0.266, 1440, 
0.012, 0.290, 1441, 
0.022, 0.411, 1442, 
0.011, 0.467, 1443, 
0.014, 0.766, 1444, 
0.008, 0.469, 1445, 
0.017, 0.793, 1446, 
0.020, 0.402, 1447, 
0.020, 0.699, 1448, 
0.016, 0.539, 1449, 
0.020, 0.500, 1450, 
0.008, 0.381, 1451, 
0.016, 0.524, 1452, 
0.018, 0.524, 1453, 
0.022, 0.360, 1454, 
0.016, 0.351, 1455, 
0.018, 0.405, 1456, 
0.005, 0.327, 1457, 
0.016, 0.510, 1458, 
0.007, 0.381, 1459, 
0.019, 0.614, 1460, 
0.007, 0.244, 1461, 
0.010, 0.244, 1462, 
0.021, 0.537, 1463, 
0.019, 0.568, 1464, 
0.014, 0.336, 1465, 
0.012, 0.447, 1466, 
0.014, 0.512, 1467, 
0.010, 0.589, 1468, 
0.023, 0.623, 1469, 
0.015, 0.517, 1470, 
0.008, 0.445, 1471, 
0.014, 0.428, 1472, 
0.011, 0.380, 1473, 
0.010, 0.251, 1474, 
0.021, 0.549, 1475, 
0.014, 0.393, 1476, 
0.013, 0.317, 1477, 
0.006, 0.367, 1478, 
0.010, 0.329, 1479, 
0.013, 0.341, 1480, 
0.023, 0.502, 1481, 
0.020, 0.393, 1482, 
0.027, 0.767, 1483, 
0.022, 0.460, 1484, 
0.011, 0.412, 1485, 
0.006, 0.329, 1486, 
0.012, 0.235, 1487, 
0.010, 0.236, 1488, 
0.015, 0.635, 1489, 
0.007, 0.305, 1490, 
-0.005, 0.815, 1491, 
0.020, 0.490, 1492, 
0.011, 0.326, 1493, 
0.002, 0.383, 1494, 
0.026, 0.429, 1495, 
0.013, 0.318, 1496, 
0.015, 0.368, 1497, 
0.012, 0.458, 1498, 
0.012, 0.613, 1499, 
0.019, 0.368, 1500, 
0.023, 0.608, 1501, 
0.023, 0.360, 1502, 
0.029, 0.557, 1503, 
0.012, 0.442, 1504, 
0.012, 0.462, 1505, 
0.027, 0.346, 1506, 
0.012, 0.294, 1507, 
0.010, 0.235, 1508, 
0.011, 0.334, 1509, 
0.012, 0.294, 1510, 
0.012, 0.459, 1511, 
0.015, 0.323, 1512, 
0.015, 0.495, 1513, 
0.010, 0.235, 1514, 
0.032, 0.367, 1515, 
0.023, 0.442, 1516, 
0.004, 0.330, 1517, 
0.011, 0.540, 1518, 
0.013, 0.504, 1519, 
0.027, 0.411, 1520, 
0.021, 0.573, 1521, 
0.006, 0.328, 1522, 
0.012, 0.337, 1523, 
0.020, 0.325, 1524, 
0.022, 0.737, 1525, 
0.014, 0.599, 1526, 
0.007, 0.318, 1527, 
0.009, 0.693, 1528, 
-0.000, 0.409, 1529, 
0.025, 0.485, 1530, 
0.013, 0.236, 1531, 
0.010, 0.318, 1532, 
0.011, 0.351, 1533, 
0.007, 0.279, 1534, 
-0.004, 0.886, 1535, 
-0.004, 0.524, 1536, 
0.025, 0.653, 1537, 
0.007, 0.393, 1538, 
0.017, 0.325, 1539, 
0.029, 0.428, 1540, 
0.019, 0.521, 1541, 
0.007, 0.254, 1542, 
0.018, 0.467, 1543, 
0.010, 0.384, 1544, 
0.015, 0.383, 1545, 
0.014, 0.460, 1546, 
0.007, 0.418, 1547, 
0.021, 0.455, 1548, 
0.013, 0.354, 1549, 
0.013, 0.349, 1550, 
0.007, 0.582, 1551, 
0.016, 0.530, 1552, 
0.019, 0.526, 1553, 
0.019, 0.487, 1554, 
0.011, 0.317, 1555, 
0.011, 0.555, 1556, 
0.003, 0.354, 1557, 
0.016, 0.618, 1558, 
0.004, 0.382, 1559, 
0.020, 0.509, 1560, 
0.015, 0.537, 1561, 
0.010, 0.244, 1562, 
0.010, 0.314, 1563, 
0.009, 0.239, 1564, 
0.011, 0.315, 1565, 
0.000, 0.329, 1566, 
0.022, 0.512, 1567, 
0.010, 0.244, 1568, 
0.015, 0.244, 1569, 
0.009, 0.488, 1570, 
0.016, 0.386, 1571, 
0.004, 0.329, 1572, 
0.008, 0.453, 1573, 
0.019, 0.392, 1574, 
0.010, 0.223, 1575, 
0.014, 0.366, 1576, 
0.013, 0.487, 1577, 
0.004, 0.758, 1578, 
0.007, 0.369, 1579, 
0.010, 0.262, 1580, 
0.016, 0.335, 1581, 
0.011, 0.238, 1582, 
0.014, 0.448, 1583, 
0.012, 0.234, 1584, 
0.010, 0.329, 1585, 
0.021, 0.560, 1586, 
0.014, 0.398, 1587, 
0.015, 0.498, 1588, 
0.026, 0.432, 1589, 
0.015, 0.385, 1590, 
0.008, 0.309, 1591, 
0.019, 0.547, 1592, 
0.010, 0.427, 1593, 
0.009, 0.367, 1594, 
0.018, 0.648, 1595, 
0.010, 0.234, 1596, 
0.021, 0.500, 1597, 
0.026, 0.392, 1598, 
0.020, 0.728, 1599, 
0.016, 0.256, 1600, 
0.011, 0.533, 1601, 
0.008, 0.497, 1602, 
0.021, 0.392, 1603, 
0.018, 0.445, 1604, 
0.015, 0.393, 1605, 
0.016, 0.453, 1606, 
0.021, 0.453, 1607, 
0.017, 0.341, 1608, 
0.020, 0.343, 1609, 
0.011, 0.381, 1610, 
0.001, 0.406, 1611, 
0.018, 0.414, 1612, 
0.017, 0.498, 1613, 
0.016, 0.556, 1614, 
0.013, 0.267, 1615, 
0.027, 0.367, 1616, 
0.013, 0.335, 1617, 
0.015, 0.403, 1618, 
0.023, 0.583, 1619, 
0.018, 0.377, 1620, 
0.003, 0.390, 1621, 
0.017, 0.420, 1622, 
0.030, 0.555, 1623, 
0.022, 0.403, 1624, 
0.013, 0.398, 1625, 
0.005, 0.406, 1626, 
0.023, 0.528, 1627, 
0.008, 0.496, 1628, 
0.010, 0.278, 1629, 
0.012, 0.336, 1630, 
0.030, 0.760, 1631, 
0.023, 0.353, 1632, 
0.030, 0.360, 1633, 
0.005, 0.353, 1634, 
0.006, 0.395, 1635, 
0.015, 0.456, 1636, 
0.014, 0.499, 1637, 
0.011, 0.505, 1638, 
0.027, 0.427, 1639, 
0.014, 0.361, 1640, 
0.033, 0.555, 1641, 
0.017, 0.512, 1642, 
0.019, 0.497, 1643, 
0.014, 0.445, 1644, 
0.012, 0.333, 1645, 
0.004, 0.409, 1646, 
0.015, 0.256, 1647, 
0.016, 0.341, 1648, 
0.011, 0.525, 1649, 
0.020, 0.549, 1650, 
0.025, 0.552, 1651, 
0.012, 0.468, 1652, 
0.023, 0.367, 1653, 
0.013, 0.384, 1654, 
0.007, 0.233, 1655, 
0.007, 0.251, 1656, 
0.019, 0.533, 1657, 
0.028, 0.604, 1658, 
0.004, 0.379, 1659, 
0.024, 0.366, 1660, 
0.019, 0.609, 1661, 
0.013, 0.360, 1662, 
0.013, 0.261, 1663, 
0.011, 0.290, 1664, 
0.018, 0.927, 1665, 
0.019, 0.358, 1666, 
0.014, 0.415, 1667, 
0.013, 0.426, 1668, 
0.010, 0.622, 1669, 
0.007, 0.500, 1670, 
-0.003, 0.598, 1671, 
0.018, 0.390, 1672, 
0.013, 0.364, 1673, 
0.023, 0.532, 1674, 
0.009, 0.304, 1675, 
