mean,std,episode,x
-0.008, 0.307, 2, 
0.004, 0.367, 3, 
0.040, 0.919, 4, 
0.003, 0.645, 5, 
0.005, 0.364, 6, 
0.007, 0.450, 7, 
0.017, 0.437, 8, 
-0.002, 0.739, 9, 
-0.005, 0.394, 10, 
0.007, 0.313, 11, 
-0.001, 0.342, 12, 
0.001, 0.233, 13, 
0.006, 0.388, 14, 
0.016, 0.405, 15, 
-0.008, 0.395, 16, 
0.007, 0.531, 17, 
0.003, 0.351, 18, 
0.022, 0.410, 19, 
0.001, 0.319, 20, 
0.007, 0.415, 21, 
0.006, 0.251, 22, 
0.000, 0.384, 23, 
0.014, 0.576, 24, 
0.002, 0.328, 25, 
0.003, 0.545, 26, 
0.021, 0.541, 27, 
0.007, 0.424, 28, 
0.012, 0.392, 29, 
0.014, 0.325, 30, 
0.015, 0.471, 31, 
0.010, 0.928, 32, 
0.000, 0.581, 33, 
0.019, 0.497, 34, 
0.006, 0.325, 35, 
0.003, 0.305, 36, 
0.007, 0.500, 37, 
0.012, 0.323, 38, 
0.012, 0.496, 39, 
0.009, 0.358, 40, 
0.002, 0.238, 41, 
0.003, 0.478, 42, 
-0.005, 0.317, 43, 
-0.000, 0.455, 44, 
-0.002, 0.502, 45, 
-0.000, 0.466, 46, 
0.003, 0.558, 47, 
0.023, 0.540, 48, 
0.003, 0.313, 49, 
0.008, 0.372, 50, 
0.005, 0.287, 51, 
0.022, 0.422, 52, 
0.018, 0.611, 53, 
0.013, 0.377, 54, 
0.013, 0.436, 55, 
0.017, 0.441, 56, 
0.008, 0.314, 57, 
0.010, 0.430, 58, 
0.000, 0.364, 59, 
0.002, 0.303, 60, 
0.011, 0.316, 61, 
0.005, 0.321, 62, 
0.006, 0.389, 63, 
0.004, 0.416, 64, 
-0.002, 0.689, 65, 
0.001, 0.319, 66, 
0.004, 0.456, 67, 
0.007, 0.459, 68, 
0.016, 0.412, 69, 
0.012, 0.428, 70, 
0.000, 0.419, 71, 
0.016, 0.476, 72, 
0.010, 0.379, 73, 
0.004, 0.426, 74, 
0.025, 0.484, 75, 
0.001, 0.343, 76, 
0.009, 0.476, 77, 
0.019, 0.427, 78, 
0.009, 0.467, 79, 
0.009, 0.378, 80, 
0.010, 0.621, 81, 
0.017, 0.465, 82, 
0.009, 0.498, 83, 
0.011, 0.500, 84, 
0.003, 0.313, 85, 
0.018, 0.646, 86, 
0.013, 0.582, 87, 
0.014, 0.314, 88, 
0.007, 0.416, 89, 
0.017, 0.517, 90, 
0.006, 0.290, 91, 
0.008, 0.410, 92, 
0.008, 0.525, 93, 
0.015, 0.509, 94, 
0.015, 0.531, 95, 
0.006, 0.348, 96, 
0.014, 0.425, 97, 
0.013, 0.510, 98, 
0.009, 0.340, 99, 
0.011, 0.747, 100, 
0.015, 0.413, 101, 
0.004, 0.266, 102, 
0.020, 0.516, 103, 
0.008, 0.559, 104, 
0.012, 0.396, 105, 
0.017, 0.290, 106, 
0.018, 0.381, 107, 
0.018, 0.477, 108, 
0.014, 0.747, 109, 
0.016, 0.427, 110, 
0.010, 0.388, 111, 
0.011, 0.524, 112, 
0.015, 0.391, 113, 
0.012, 0.406, 114, 
0.012, 0.467, 115, 
0.019, 0.477, 116, 
0.005, 0.698, 117, 
0.011, 0.266, 118, 
0.005, 0.506, 119, 
0.012, 0.690, 120, 
0.007, 0.319, 121, 
0.009, 0.496, 122, 
0.008, 0.549, 123, 
0.010, 0.498, 124, 
0.013, 0.364, 125, 
0.005, 0.500, 126, 
0.009, 0.290, 127, 
0.016, 0.441, 128, 
0.016, 0.505, 129, 
0.009, 0.472, 130, 
0.007, 0.537, 131, 
0.022, 0.411, 132, 
0.008, 0.383, 133, 
0.016, 0.394, 134, 
0.012, 0.726, 135, 
0.018, 0.625, 136, 
0.010, 0.327, 137, 
0.010, 0.549, 138, 
0.006, 0.494, 139, 
0.015, 0.585, 140, 
0.007, 0.319, 141, 
0.012, 0.512, 142, 
0.017, 0.346, 143, 
0.036, 0.481, 144, 
0.011, 0.498, 145, 
0.017, 0.420, 146, 
0.011, 0.574, 147, 
0.019, 0.531, 148, 
0.005, 0.368, 149, 
0.015, 0.416, 150, 
0.013, 0.477, 151, 
0.023, 0.577, 152, 
0.007, 0.739, 153, 
0.017, 0.427, 154, 
0.007, 0.328, 155, 
0.013, 0.233, 156, 
0.013, 0.447, 157, 
0.009, 0.235, 158, 
0.017, 0.498, 159, 
0.020, 0.528, 160, 
0.011, 0.500, 161, 
0.016, 0.619, 162, 
0.015, 0.233, 163, 
0.005, 0.564, 164, 
0.009, 0.496, 165, 
0.015, 0.585, 166, 
0.008, 0.256, 167, 
0.024, 0.543, 168, 
0.010, 0.507, 169, 
0.014, 0.425, 170, 
0.009, 0.450, 171, 
0.011, 0.380, 172, 
0.013, 0.494, 173, 
0.008, 0.222, 174, 
0.014, 0.738, 175, 
-0.002, 0.512, 176, 
0.011, 0.467, 177, 
0.006, 0.319, 178, 
0.011, 0.499, 179, 
0.022, 0.457, 180, 
0.019, 0.426, 181, 
0.010, 0.270, 182, 
0.004, 0.896, 183, 
0.006, 0.266, 184, 
0.009, 0.539, 185, 
0.005, 0.251, 186, 
0.024, 0.404, 187, 
0.010, 0.452, 188, 
0.005, 0.251, 189, 
0.013, 0.314, 190, 
0.015, 0.475, 191, 
0.012, 0.447, 192, 
0.018, 0.527, 193, 
0.012, 0.425, 194, 
0.017, 0.611, 195, 
0.011, 0.400, 196, 
0.017, 0.424, 197, 
0.013, 0.391, 198, 
0.007, 0.222, 199, 
0.015, 0.414, 200, 
0.012, 0.325, 201, 
0.016, 0.334, 202, 
0.020, 0.411, 203, 
0.011, 0.340, 204, 
0.012, 0.500, 205, 
0.014, 0.375, 206, 
0.021, 0.603, 207, 
0.012, 0.335, 208, 
0.011, 0.524, 209, 
0.012, 0.384, 210, 
0.009, 0.266, 211, 
0.011, 0.391, 212, 
0.009, 0.328, 213, 
0.006, 0.277, 214, 
0.009, 0.549, 215, 
0.014, 0.475, 216, 
0.015, 0.320, 217, 
0.010, 0.450, 218, 
0.018, 0.421, 219, 
0.008, 0.450, 220, 
0.008, 0.316, 221, 
0.007, 0.403, 222, 
0.020, 0.421, 223, 
0.019, 0.390, 224, 
0.002, 0.303, 225, 
0.016, 0.334, 226, 
-0.000, 0.687, 227, 
0.009, 0.450, 228, 
0.023, 0.516, 229, 
0.007, 0.277, 230, 
0.020, 0.411, 231, 
0.016, 0.602, 232, 
0.016, 0.438, 233, 
0.014, 0.320, 234, 
0.018, 0.359, 235, 
0.020, 0.610, 236, 
0.013, 0.506, 237, 
0.013, 0.341, 238, 
0.011, 0.494, 239, 
0.021, 0.410, 240, 
0.007, 0.554, 241, 
0.016, 0.527, 242, 
0.004, 0.505, 243, 
0.009, 0.554, 244, 
0.008, 0.335, 245, 
0.013, 0.233, 246, 
0.005, 0.368, 247, 
0.005, 0.374, 248, 
0.014, 0.500, 249, 
0.010, 0.496, 250, 
0.015, 0.526, 251, 
0.015, 0.365, 252, 
0.005, 0.450, 253, 
0.018, 0.359, 254, 
0.014, 0.315, 255, 
0.006, 0.552, 256, 
0.005, 0.554, 257, 
0.011, 0.410, 258, 
0.007, 0.364, 259, 
0.010, 0.498, 260, 
0.008, 0.498, 261, 
0.013, 0.351, 262, 
0.020, 0.365, 263, 
0.015, 0.346, 264, 
0.017, 0.450, 265, 
0.013, 0.341, 266, 
0.007, 0.313, 267, 
0.014, 0.568, 268, 
0.016, 0.717, 269, 
0.021, 0.509, 270, 
0.019, 0.441, 271, 
0.009, 0.367, 272, 
0.009, 0.500, 273, 
0.026, 0.457, 274, 
0.019, 0.516, 275, 
0.017, 0.554, 276, 
0.010, 0.621, 277, 
0.023, 0.520, 278, 
0.015, 0.568, 279, 
0.017, 0.450, 280, 
0.017, 0.931, 281, 
0.014, 0.396, 282, 
0.016, 0.404, 283, 
0.016, 0.375, 284, 
0.017, 0.488, 285, 
0.023, 0.610, 286, 
0.008, 0.261, 287, 
0.014, 0.393, 288, 
0.013, 0.728, 289, 
0.014, 0.453, 290, 
0.009, 0.293, 291, 
0.006, 0.505, 292, 
0.011, 0.507, 293, 
0.013, 0.510, 294, 
0.010, 0.396, 295, 
0.013, 0.335, 296, 
0.017, 0.357, 297, 
0.018, 0.931, 298, 
0.014, 0.574, 299, 
0.021, 0.610, 300, 
0.015, 0.447, 301, 
0.014, 0.418, 302, 
0.013, 0.396, 303, 
0.011, 0.305, 304, 
0.024, 0.364, 305, 
0.008, 0.348, 306, 
0.013, 0.402, 307, 
0.009, 0.698, 308, 
0.014, 0.320, 309, 
0.011, 0.377, 310, 
0.008, 0.450, 311, 
0.011, 0.366, 312, 
0.015, 0.646, 313, 
0.006, 0.359, 314, 
0.018, 0.677, 315, 
0.014, 0.396, 316, 
0.018, 0.528, 317, 
0.018, 0.425, 318, 
0.012, 0.338, 319, 
0.012, 0.585, 320, 
0.010, 0.396, 321, 
0.010, 0.690, 322, 
0.012, 0.510, 323, 
0.010, 0.287, 324, 
0.009, 0.500, 325, 
0.009, 0.458, 326, 
0.012, 0.396, 327, 
0.021, 0.520, 328, 
0.018, 0.402, 329, 
0.018, 0.527, 330, 
0.023, 0.520, 331, 
0.015, 0.625, 332, 
0.005, 0.359, 333, 
0.016, 0.531, 334, 
0.010, 0.266, 335, 
0.004, 0.352, 336, 
0.017, 0.343, 337, 
0.012, 0.698, 338, 
0.013, 0.291, 339, 
0.015, 0.477, 340, 
0.021, 0.477, 341, 
0.008, 0.367, 342, 
0.010, 0.583, 343, 
0.009, 0.226, 344, 
0.015, 0.446, 345, 
0.014, 0.475, 346, 
0.021, 0.341, 347, 
0.008, 0.335, 348, 
0.008, 0.328, 349, 
0.015, 0.646, 350, 
0.002, 0.352, 351, 
0.018, 0.529, 352, 
0.011, 0.366, 353, 
0.015, 0.554, 354, 
0.009, 0.388, 355, 
0.006, 0.364, 356, 
0.008, 0.233, 357, 
0.017, 0.610, 358, 
0.010, 0.619, 359, 
0.010, 0.380, 360, 
0.009, 0.450, 361, 
0.011, 0.389, 362, 
0.006, 0.668, 363, 
0.007, 0.251, 364, 
0.012, 0.619, 365, 
0.005, 0.418, 366, 
0.018, 0.544, 367, 
0.011, 0.266, 368, 
0.014, 0.396, 369, 
0.005, 0.445, 370, 
0.009, 0.450, 371, 
0.011, 0.479, 372, 
0.014, 0.314, 373, 
0.011, 0.392, 374, 
0.009, 0.513, 375, 
0.023, 0.520, 376, 
0.009, 0.235, 377, 
0.010, 0.388, 378, 
0.005, 0.368, 379, 
0.009, 0.452, 380, 
0.018, 0.343, 381, 
0.015, 0.404, 382, 
0.022, 0.404, 383, 
0.019, 0.424, 384, 
0.018, 0.602, 385, 
0.034, 0.481, 386, 
0.022, 0.341, 387, 
0.015, 0.738, 388, 
0.017, 0.358, 389, 
0.013, 0.523, 390, 
0.017, 0.540, 391, 
0.018, 0.611, 392, 
0.019, 0.411, 393, 
0.037, 0.480, 394, 
0.020, 0.441, 395, 
0.026, 0.457, 396, 
0.008, 0.328, 397, 
0.009, 0.500, 398, 
0.007, 0.552, 399, 
0.005, 0.368, 400, 
0.014, 0.320, 401, 
0.009, 0.243, 402, 
0.013, 0.477, 403, 
0.012, 0.338, 404, 
0.015, 0.646, 405, 
0.013, 0.315, 406, 
0.011, 0.391, 407, 
0.010, 0.549, 408, 
0.019, 0.381, 409, 
0.006, 0.251, 410, 
0.013, 0.320, 411, 
0.004, 0.303, 412, 
0.008, 0.222, 413, 
0.007, 0.410, 414, 
0.015, 0.334, 415, 
0.009, 0.554, 416, 
0.003, 0.398, 417, 
0.008, 0.277, 418, 
-0.002, 0.852, 419, 
0.004, 0.374, 420, 
0.009, 0.243, 421, 
0.002, 0.398, 422, 
0.012, 0.400, 423, 
0.012, 0.335, 424, 
0.014, 0.315, 425, 
0.019, 0.457, 426, 
0.027, 0.541, 427, 
0.027, 0.457, 428, 
0.005, 0.368, 429, 
0.008, 0.290, 430, 
0.003, 0.317, 431, 
0.012, 0.366, 432, 
0.008, 0.233, 433, 
0.019, 0.411, 434, 
0.017, 0.360, 435, 
0.012, 0.364, 436, 
0.011, 0.498, 437, 
0.011, 0.512, 438, 
0.016, 0.498, 439, 
0.017, 0.531, 440, 
0.018, 0.527, 441, 
0.010, 0.512, 442, 
0.010, 0.314, 443, 
0.015, 0.372, 444, 
0.008, 0.222, 445, 
0.006, 0.505, 446, 
0.009, 0.226, 447, 
0.007, 0.293, 448, 
0.004, 0.368, 449, 
0.019, 0.631, 450, 
0.013, 0.320, 451, 
0.011, 0.323, 452, 
0.007, 0.477, 453, 
0.015, 0.447, 454, 
0.010, 0.416, 455, 
0.012, 0.358, 456, 
0.035, 0.481, 457, 
0.009, 0.226, 458, 
0.012, 0.384, 459, 
0.010, 0.396, 460, 
0.015, 0.416, 461, 
0.010, 0.290, 462, 
0.019, 0.462, 463, 
0.012, 0.391, 464, 
0.012, 0.384, 465, 
0.008, 0.222, 466, 
0.015, 0.404, 467, 
0.008, 0.256, 468, 
0.014, 0.429, 469, 
0.008, 0.244, 470, 
0.009, 0.582, 471, 
0.016, 0.524, 472, 
0.016, 0.524, 473, 
0.008, 0.256, 474, 
0.014, 0.640, 475, 
0.012, 0.340, 476, 
0.016, 0.451, 477, 
0.008, 0.233, 478, 
0.013, 0.287, 479, 
0.006, 0.319, 480, 
0.004, 0.512, 481, 
0.003, 0.317, 482, 
0.010, 0.336, 483, 
0.031, 0.767, 484, 
0.010, 0.396, 485, 
0.014, 0.447, 486, 
0.009, 0.226, 487, 
0.017, 0.394, 488, 
0.012, 0.305, 489, 
0.013, 0.402, 490, 
0.010, 0.455, 491, 
-0.002, 0.851, 492, 
0.014, 0.510, 493, 
0.013, 0.366, 494, 
0.017, 0.454, 495, 
0.018, 0.677, 496, 
0.017, 0.425, 497, 
0.011, 0.390, 498, 
0.009, 0.261, 499, 
0.008, 0.328, 500, 
0.010, 0.396, 501, 
0.014, 0.747, 502, 
0.007, 0.501, 503, 
0.023, 0.577, 504, 
0.012, 0.506, 505, 
0.017, 0.364, 506, 
0.021, 0.352, 507, 
0.004, 0.512, 508, 
0.020, 0.477, 509, 
0.012, 0.467, 510, 
0.011, 0.368, 511, 
0.014, 0.391, 512, 
0.015, 0.475, 513, 
0.006, 0.314, 514, 
0.015, 0.334, 515, 
0.008, 0.328, 516, 
0.010, 0.274, 517, 
0.015, 0.414, 518, 
0.013, 0.266, 519, 
0.011, 0.698, 520, 
0.005, 0.251, 521, 
0.010, 0.454, 522, 
0.009, 0.316, 523, 
0.030, 0.767, 524, 
0.010, 0.270, 525, 
0.010, 0.454, 526, 
0.010, 0.314, 527, 
0.012, 0.358, 528, 
0.013, 0.453, 529, 
0.019, 0.411, 530, 
0.006, 0.293, 531, 
0.015, 0.384, 532, 
0.010, 0.512, 533, 
0.008, 0.256, 534, 
0.009, 0.335, 535, 
0.017, 0.437, 536, 
0.015, 0.346, 537, 
0.008, 0.494, 538, 
0.011, 0.275, 539, 
0.004, 0.896, 540, 
0.015, 0.446, 541, 
0.008, 0.244, 542, 
0.010, 0.274, 543, 
0.019, 0.527, 544, 
0.014, 0.410, 545, 
0.017, 0.343, 546, 
-0.001, 0.687, 547, 
0.014, 0.375, 548, 
0.014, 0.391, 549, 
0.015, 0.412, 550, 
0.007, 0.470, 551, 
0.015, 0.475, 552, 
0.019, 0.790, 553, 
0.012, 0.340, 554, 
0.015, 0.334, 555, 
0.009, 0.378, 556, 
0.015, 0.405, 557, 
0.010, 0.507, 558, 
0.025, 0.484, 559, 
0.019, 0.411, 560, 
0.021, 0.411, 561, 
0.019, 0.358, 562, 
0.010, 0.454, 563, 
0.011, 0.320, 564, 
0.012, 0.314, 565, 
0.011, 0.323, 566, 
0.009, 0.261, 567, 
0.008, 0.290, 568, 
0.007, 0.328, 569, 
0.007, 0.668, 570, 
0.012, 0.453, 571, 
0.015, 0.436, 572, 
0.016, 0.454, 573, 
0.020, 0.790, 574, 
0.004, 0.896, 575, 
0.018, 0.540, 576, 
0.011, 0.498, 577, 
0.010, 0.287, 578, 
0.010, 0.500, 579, 
0.012, 0.323, 580, 
0.014, 0.728, 581, 
0.017, 0.450, 582, 
0.013, 0.314, 583, 
0.011, 0.426, 584, 
0.018, 0.489, 585, 
0.026, 0.547, 586, 
0.014, 0.494, 587, 
0.013, 0.266, 588, 
0.005, 0.316, 589, 
0.004, 0.512, 590, 
0.010, 0.500, 591, 
0.012, 0.453, 592, 
0.008, 0.510, 593, 
0.014, 0.396, 594, 
0.009, 0.500, 595, 
0.011, 0.549, 596, 
0.011, 0.320, 597, 
0.017, 0.437, 598, 
0.009, 0.510, 599, 
0.015, 0.568, 600, 
0.011, 0.389, 601, 
-0.002, 0.851, 602, 
0.019, 0.358, 603, 
0.003, 0.317, 604, 
0.017, 0.364, 605, 
0.015, 0.738, 606, 
0.012, 0.698, 607, 
0.017, 0.450, 608, 
0.019, 0.411, 609, 
0.019, 0.631, 610, 
0.005, 0.323, 611, 
0.016, 0.440, 612, 
0.006, 0.319, 613, 
0.008, 0.410, 614, 
0.013, 0.453, 615, 
0.026, 0.457, 616, 
0.030, 0.767, 617, 
0.019, 0.509, 618, 
0.011, 0.498, 619, 
0.014, 0.578, 620, 
0.014, 0.233, 621, 
0.009, 0.261, 622, 
0.012, 0.468, 623, 
0.015, 0.436, 624, 
0.009, 0.510, 625, 
0.007, 0.552, 626, 
0.010, 0.426, 627, 
0.009, 0.293, 628, 
0.020, 0.496, 629, 
0.011, 0.410, 630, 
0.014, 0.393, 631, 
0.011, 0.410, 632, 
0.008, 0.277, 633, 
0.011, 0.390, 634, 
0.013, 0.291, 635, 
0.008, 0.290, 636, 
0.009, 0.559, 637, 
0.014, 0.391, 638, 
0.004, 0.512, 639, 
0.011, 0.480, 640, 
0.016, 0.418, 641, 
0.023, 0.577, 642, 
0.012, 0.467, 643, 
0.008, 0.577, 644, 
0.019, 0.422, 645, 
0.007, 0.344, 646, 
0.009, 0.384, 647, 
0.015, 0.346, 648, 
0.015, 0.414, 649, 
0.018, 0.386, 650, 
0.011, 0.574, 651, 
0.004, 0.330, 652, 
0.016, 0.486, 653, 
0.015, 0.738, 654, 
0.011, 0.455, 655, 
0.009, 0.538, 656, 
0.035, 0.481, 657, 
0.016, 0.470, 658, 
0.011, 0.293, 659, 
0.004, 0.330, 660, 
0.012, 0.585, 661, 
0.008, 0.328, 662, 
0.013, 0.640, 663, 
0.017, 0.450, 664, 
0.003, 0.317, 665, 
0.015, 0.412, 666, 
0.020, 0.790, 667, 
0.018, 0.390, 668, 
0.006, 0.531, 669, 
0.014, 0.391, 670, 
0.008, 0.256, 671, 
0.014, 0.523, 672, 
0.019, 0.631, 673, 
0.016, 0.524, 674, 
0.021, 0.602, 675, 
0.013, 0.351, 676, 
0.012, 0.421, 677, 
0.018, 0.431, 678, 
0.013, 0.619, 679, 
0.013, 0.396, 680, 
0.008, 0.244, 681, 
0.011, 0.275, 682, 
0.018, 0.451, 683, 
0.009, 0.496, 684, 
0.019, 0.544, 685, 
0.015, 0.446, 686, 
0.020, 0.528, 687, 
0.008, 0.256, 688, 
0.009, 0.243, 689, 
0.009, 0.287, 690, 
0.009, 0.378, 691, 
0.012, 0.555, 692, 
0.012, 0.641, 693, 
0.009, 0.353, 694, 
0.005, 0.565, 695, 
0.017, 0.297, 696, 
0.011, 0.555, 697, 
0.010, 0.472, 698, 
0.007, 0.238, 699, 
0.005, 0.418, 700, 
0.009, 0.235, 701, 
0.020, 0.527, 702, 
0.013, 0.578, 703, 
0.008, 0.277, 704, 
0.017, 0.418, 705, 
0.022, 0.520, 706, 
0.015, 0.404, 707, 
0.012, 0.698, 708, 
0.019, 0.411, 709, 
0.017, 0.297, 710, 
0.010, 0.378, 711, 
0.016, 0.486, 712, 
0.009, 0.226, 713, 
0.012, 0.314, 714, 
0.014, 0.625, 715, 
0.017, 0.437, 716, 
0.010, 0.396, 717, 
0.007, 0.364, 718, 
0.016, 0.419, 719, 
0.015, 0.393, 720, 
0.014, 0.375, 721, 
0.009, 0.261, 722, 
0.011, 0.507, 723, 
0.016, 0.647, 724, 
0.009, 0.452, 725, 
0.009, 0.500, 726, 
0.009, 0.496, 727, 
0.008, 0.353, 728, 
0.016, 0.346, 729, 
0.012, 0.287, 730, 
0.013, 0.266, 731, 
0.008, 0.233, 732, 
0.010, 0.414, 733, 
0.012, 0.323, 734, 
0.022, 0.520, 735, 
0.030, 0.767, 736, 
0.017, 0.419, 737, 
0.009, 0.512, 738, 
0.019, 0.365, 739, 
0.015, 0.346, 740, 
0.011, 0.368, 741, 
0.009, 0.726, 742, 
0.009, 0.378, 743, 
0.009, 0.450, 744, 
0.008, 0.494, 745, 
0.008, 0.506, 746, 
0.007, 0.293, 747, 
0.013, 0.351, 748, 
0.010, 0.450, 749, 
0.014, 0.280, 750, 
0.010, 0.416, 751, 
0.025, 0.364, 752, 
0.008, 0.370, 753, 
0.010, 0.500, 754, 
0.013, 0.366, 755, 
0.010, 0.275, 756, 
0.014, 0.526, 757, 
0.011, 0.270, 758, 
0.013, 0.364, 759, 
0.005, 0.359, 760, 
0.026, 0.483, 761, 
0.009, 0.380, 762, 
0.009, 0.477, 763, 
0.008, 0.378, 764, 
0.014, 0.233, 765, 
0.022, 0.520, 766, 
0.021, 0.410, 767, 
0.022, 0.520, 768, 
0.015, 0.429, 769, 
0.014, 0.334, 770, 
0.013, 0.425, 771, 
0.009, 0.261, 772, 
0.007, 0.739, 773, 
0.012, 0.340, 774, 
0.017, 0.611, 775, 
0.011, 0.326, 776, 
0.019, 0.489, 777, 
0.010, 0.266, 778, 
0.005, 0.445, 779, 
0.009, 0.559, 780, 
0.003, 0.398, 781, 
0.010, 0.421, 782, 
0.018, 0.450, 783, 
0.010, 0.426, 784, 
0.014, 0.728, 785, 
0.018, 0.360, 786, 
0.018, 0.451, 787, 
0.018, 0.381, 788, 
0.011, 0.453, 789, 
0.010, 0.270, 790, 
0.014, 0.574, 791, 
0.012, 0.555, 792, 
0.009, 0.316, 793, 
0.007, 0.238, 794, 
0.018, 0.381, 795, 
0.008, 0.403, 796, 
0.010, 0.396, 797, 
0.013, 0.526, 798, 
0.019, 0.476, 799, 
0.006, 0.531, 800, 
-0.003, 0.852, 801, 
0.026, 0.483, 802, 
0.010, 0.383, 803, 
0.007, 0.308, 804, 
0.019, 0.462, 805, 
0.006, 0.308, 806, 
0.015, 0.737, 807, 
0.010, 0.275, 808, 
0.010, 0.452, 809, 
0.016, 0.414, 810, 
0.007, 0.293, 811, 
0.015, 0.315, 812, 
0.022, 0.516, 813, 
0.012, 0.340, 814, 
0.005, 0.323, 815, 
0.013, 0.728, 816, 
0.015, 0.436, 817, 
0.025, 0.484, 818, 
0.012, 0.585, 819, 
0.013, 0.291, 820, 
0.009, 0.316, 821, 
0.017, 0.343, 822, 
0.009, 0.335, 823, 
0.022, 0.410, 824, 
0.018, 0.343, 825, 
0.007, 0.470, 826, 
0.010, 0.500, 827, 
0.017, 0.431, 828, 
0.006, 0.308, 829, 
0.009, 0.450, 830, 
0.009, 0.235, 831, 
0.010, 0.384, 832, 
0.005, 0.316, 833, 
0.013, 0.579, 834, 
0.013, 0.453, 835, 
0.010, 0.327, 836, 
0.021, 0.516, 837, 
0.022, 0.520, 838, 
0.011, 0.455, 839, 
0.007, 0.293, 840, 
0.003, 0.317, 841, 
0.015, 0.646, 842, 
0.010, 0.416, 843, 
0.017, 0.297, 844, 
0.022, 0.520, 845, 
0.012, 0.333, 846, 
0.012, 0.524, 847, 
0.010, 0.266, 848, 
0.008, 0.256, 849, 
0.019, 0.544, 850, 
0.010, 0.287, 851, 
0.019, 0.371, 852, 
0.015, 0.429, 853, 
0.019, 0.451, 854, 
0.004, 0.353, 855, 
0.014, 0.391, 856, 
0.026, 0.364, 857, 
0.017, 0.386, 858, 
0.011, 0.574, 859, 
0.006, 0.668, 860, 
0.027, 0.457, 861, 
0.012, 0.498, 862, 
0.014, 0.728, 863, 
0.004, 0.352, 864, 
0.012, 0.391, 865, 
0.019, 0.411, 866, 
0.005, 0.359, 867, 
0.021, 0.603, 868, 
0.009, 0.226, 869, 
0.010, 0.266, 870, 
0.011, 0.498, 871, 
0.010, 0.554, 872, 
0.016, 0.419, 873, 
0.016, 0.372, 874, 
0.016, 0.419, 875, 
0.011, 0.507, 876, 
0.022, 0.341, 877, 
0.014, 0.625, 878, 
0.016, 0.446, 879, 
0.003, 0.317, 880, 
0.006, 0.364, 881, 
0.011, 0.270, 882, 
0.010, 0.406, 883, 
0.014, 0.375, 884, 
0.018, 0.544, 885, 
0.018, 0.476, 886, 
0.013, 0.555, 887, 
0.009, 0.378, 888, 
0.008, 0.290, 889, 
0.014, 0.375, 890, 
0.016, 0.420, 891, 
0.015, 0.372, 892, 
0.019, 0.290, 893, 
0.025, 0.484, 894, 
0.015, 0.334, 895, 
0.017, 0.531, 896, 
0.020, 0.441, 897, 
0.014, 0.579, 898, 
0.010, 0.274, 899, 
0.009, 0.384, 900, 
0.005, 0.368, 901, 
0.005, 0.374, 902, 
0.014, 0.578, 903, 
0.012, 0.324, 904, 
0.026, 0.457, 905, 
0.009, 0.304, 906, 
0.019, 0.509, 907, 
0.011, 0.326, 908, 
0.017, 0.440, 909, 
0.019, 0.602, 910, 
0.010, 0.487, 911, 
0.004, 0.317, 912, 
0.010, 0.454, 913, 
0.011, 0.336, 914, 
0.009, 0.513, 915, 
0.024, 0.484, 916, 
0.022, 0.520, 917, 
0.011, 0.498, 918, 
0.005, 0.564, 919, 
0.012, 0.333, 920, 
0.012, 0.325, 921, 
0.015, 0.475, 922, 
0.011, 0.498, 923, 
0.017, 0.418, 924, 
0.016, 0.554, 925, 
0.018, 0.677, 926, 
0.015, 0.477, 927, 
0.012, 0.325, 928, 
0.008, 0.552, 929, 
0.011, 0.575, 930, 
0.009, 0.621, 931, 
0.009, 0.261, 932, 
0.012, 0.314, 933, 
0.013, 0.506, 934, 
0.009, 0.353, 935, 
0.015, 0.346, 936, 
0.011, 0.391, 937, 
0.015, 0.414, 938, 
