mean,std,episode,x
0.021, 0.831, 1, 
0.011, 1.058, 2, 
0.008, 0.891, 3, 
0.035, 0.994, 4, 
0.002, 0.993, 5, 
-0.022, 0.767, 6, 
-0.008, 0.987, 7, 
-0.002, 0.830, 8, 
0.001, 0.570, 9, 
0.000, 0.811, 10, 
0.018, 0.512, 11, 
-0.001, 1.316, 12, 
0.035, 0.904, 13, 
-0.002, 0.436, 14, 
0.018, 0.593, 15, 
-0.002, 0.575, 16, 
-0.003, 0.842, 17, 
0.007, 1.169, 18, 
0.003, 0.648, 19, 
0.011, 0.774, 20, 
-0.003, 0.759, 21, 
-0.009, 0.618, 22, 
0.013, 0.916, 23, 
0.011, 1.406, 24, 
-0.003, 0.607, 25, 
0.047, 0.889, 26, 
0.020, 0.863, 27, 
0.013, 0.669, 28, 
0.017, 0.884, 29, 
0.034, 0.899, 30, 
0.010, 0.718, 31, 
0.009, 0.465, 32, 
0.010, 0.714, 33, 
-0.006, 1.036, 34, 
0.029, 1.130, 35, 
0.006, 0.626, 36, 
-0.003, 1.160, 37, 
0.004, 0.750, 38, 
0.017, 0.755, 39, 
0.021, 0.733, 40, 
0.010, 0.770, 41, 
0.006, 0.582, 42, 
0.009, 0.764, 43, 
0.004, 0.544, 44, 
0.021, 0.529, 45, 
0.020, 1.008, 46, 
0.020, 1.008, 47, 
0.004, 0.664, 48, 
0.067, 1.772, 49, 
0.006, 0.968, 50, 
0.000, 1.082, 51, 
-0.003, 0.476, 52, 
-0.005, 0.956, 53, 
-0.008, 0.661, 54, 
0.024, 1.204, 55, 
0.022, 1.074, 56, 
0.036, 1.103, 57, 
-0.015, 0.811, 58, 
0.002, 1.157, 59, 
-0.013, 0.837, 60, 
0.026, 1.207, 61, 
0.010, 0.923, 62, 
0.026, 0.711, 63, 
-0.011, 0.991, 64, 
0.018, 1.082, 65, 
0.018, 1.079, 66, 
0.013, 0.876, 67, 
0.019, 1.072, 68, 
0.011, 0.980, 69, 
0.018, 0.744, 70, 
0.017, 0.486, 71, 
0.030, 0.818, 72, 
0.013, 0.727, 73, 
0.017, 0.849, 74, 
0.015, 0.719, 75, 
0.023, 0.906, 76, 
0.014, 0.578, 77, 
0.003, 0.663, 78, 
0.012, 1.124, 79, 
0.013, 0.757, 80, 
0.037, 1.113, 81, 
0.003, 0.811, 82, 
0.017, 0.735, 83, 
0.017, 1.077, 84, 
0.029, 1.206, 85, 
0.031, 1.160, 86, 
0.027, 0.833, 87, 
0.031, 0.654, 88, 
0.039, 0.932, 89, 
0.051, 1.087, 90, 
0.051, 0.881, 91, 
0.033, 0.901, 92, 
0.032, 1.206, 93, 
0.030, 0.831, 94, 
0.032, 0.930, 95, 
0.038, 0.845, 96, 
0.059, 1.728, 97, 
0.023, 1.327, 98, 
0.046, 0.922, 99, 
0.023, 1.434, 100, 
0.022, 0.855, 101, 
0.027, 1.297, 102, 
0.032, 1.010, 103, 
0.054, 1.311, 104, 
0.038, 1.383, 105, 
0.031, 0.950, 106, 
0.050, 0.938, 107, 
0.041, 1.283, 108, 
0.016, 0.840, 109, 
0.019, 0.860, 110, 
0.021, 0.688, 111, 
0.049, 1.582, 112, 
0.047, 1.073, 113, 
0.044, 1.556, 114, 
0.065, 1.347, 115, 
0.030, 0.634, 116, 
0.027, 0.769, 117, 
0.011, 1.303, 118, 
0.037, 1.593, 119, 
0.060, 1.318, 120, 
0.043, 0.728, 121, 
0.025, 0.854, 122, 
0.044, 0.865, 123, 
0.023, 0.910, 124, 
0.045, 1.547, 125, 
0.021, 0.894, 126, 
0.021, 0.927, 127, 
0.032, 1.463, 128, 
0.064, 1.486, 129, 
0.018, 1.273, 130, 
0.032, 1.546, 131, 
0.041, 1.198, 132, 
0.039, 1.682, 133, 
0.037, 1.061, 134, 
0.048, 0.825, 135, 
0.025, 0.780, 136, 
0.053, 1.063, 137, 
0.038, 0.857, 138, 
0.039, 1.572, 139, 
0.039, 0.800, 140, 
0.028, 0.619, 141, 
0.054, 1.134, 142, 
0.052, 2.736, 143, 
0.036, 1.229, 144, 
-0.026, 2.455, 145, 
0.022, 1.281, 146, 
0.021, 1.153, 147, 
0.045, 1.414, 148, 
0.041, 1.709, 149, 
0.034, 0.743, 150, 
0.042, 1.662, 151, 
0.030, 0.832, 152, 
0.026, 1.026, 153, 
0.020, 0.823, 154, 
0.050, 1.140, 155, 
0.053, 1.117, 156, 
0.029, 0.900, 157, 
0.040, 0.941, 158, 
0.052, 0.964, 159, 
0.073, 1.425, 160, 
0.039, 1.294, 161, 
0.052, 2.757, 162, 
0.046, 1.296, 163, 
0.035, 0.942, 164, 
0.042, 1.535, 165, 
0.045, 1.582, 166, 
0.017, 1.887, 167, 
0.023, 0.777, 168, 
0.031, 0.798, 169, 
0.036, 1.443, 170, 
0.030, 1.087, 171, 
0.024, 0.952, 172, 
0.022, 1.054, 173, 
0.036, 1.333, 174, 
0.023, 1.368, 175, 
0.010, 2.463, 176, 
0.040, 1.149, 177, 
0.027, 0.691, 178, 
0.064, 1.947, 179, 
0.049, 1.195, 180, 
0.059, 1.532, 181, 
0.055, 1.637, 182, 
0.049, 1.452, 183, 
0.089, 1.363, 184, 
0.033, 1.203, 185, 
0.019, 0.942, 186, 
0.061, 1.074, 187, 
0.028, 0.796, 188, 
0.057, 0.969, 189, 
0.032, 0.736, 190, 
0.045, 1.124, 191, 
0.027, 0.929, 192, 
0.022, 0.722, 193, 
0.020, 1.431, 194, 
0.028, 0.925, 195, 
0.029, 0.813, 196, 
0.041, 0.782, 197, 
0.041, 0.785, 198, 
0.027, 1.093, 199, 
0.031, 1.381, 200, 
0.043, 1.378, 201, 
0.037, 1.501, 202, 
0.060, 1.282, 203, 
0.026, 1.428, 204, 
0.032, 1.375, 205, 
0.061, 1.465, 206, 
0.055, 1.015, 207, 
0.036, 1.363, 208, 
0.044, 1.069, 209, 
-0.016, 1.592, 210, 
0.023, 1.130, 211, 
0.050, 1.298, 212, 
0.042, 1.551, 213, 
0.036, 1.471, 214, 
0.034, 1.029, 215, 
0.039, 1.051, 216, 
0.013, 0.905, 217, 
0.023, 0.816, 218, 
0.060, 1.240, 219, 
0.041, 0.928, 220, 
0.038, 1.238, 221, 
0.030, 0.616, 222, 
0.038, 0.634, 223, 
0.034, 1.232, 224, 
0.030, 0.759, 225, 
0.032, 0.634, 226, 
0.040, 1.037, 227, 
0.047, 2.046, 228, 
0.054, 1.179, 229, 
0.037, 1.542, 230, 
0.006, 1.133, 231, 
0.068, 1.484, 232, 
0.039, 1.438, 233, 
0.026, 1.294, 234, 
0.058, 1.351, 235, 
0.019, 0.836, 236, 
0.051, 1.086, 237, 
0.047, 0.662, 238, 
0.041, 1.289, 239, 
0.047, 1.464, 240, 
0.021, 1.310, 241, 
0.032, 1.667, 242, 
0.079, 1.458, 243, 
0.038, 1.474, 244, 
0.026, 1.530, 245, 
0.034, 0.887, 246, 
0.024, 0.772, 247, 
0.053, 1.808, 248, 
0.049, 1.005, 249, 
0.045, 1.389, 250, 
0.032, 0.978, 251, 
0.048, 1.098, 252, 
0.007, 1.182, 253, 
0.040, 1.398, 254, 
0.030, 1.420, 255, 
0.030, 1.129, 256, 
0.047, 1.491, 257, 
0.025, 0.861, 258, 
0.045, 1.468, 259, 
0.045, 1.186, 260, 
0.022, 1.414, 261, 
0.069, 1.130, 262, 
0.054, 1.133, 263, 
0.074, 2.005, 264, 
0.032, 1.033, 265, 
0.025, 1.296, 266, 
0.045, 0.905, 267, 
0.023, 0.663, 268, 
0.029, 0.800, 269, 
0.034, 0.823, 270, 
0.028, 0.709, 271, 
0.039, 1.023, 272, 
0.051, 1.166, 273, 
0.026, 1.371, 274, 
0.032, 1.361, 275, 
0.049, 1.439, 276, 
0.030, 0.787, 277, 
0.059, 1.311, 278, 
0.024, 1.251, 279, 
0.020, 0.778, 280, 
0.038, 1.129, 281, 
0.050, 1.462, 282, 
0.028, 1.238, 283, 
0.019, 1.288, 284, 
0.034, 1.475, 285, 
0.051, 1.154, 286, 
0.071, 1.544, 287, 
0.022, 0.909, 288, 
0.029, 1.652, 289, 
0.008, 2.002, 290, 
0.038, 1.141, 291, 
0.051, 1.363, 292, 
0.038, 0.755, 293, 
0.045, 1.404, 294, 
0.054, 2.264, 295, 
0.073, 0.995, 296, 
0.027, 1.439, 297, 
0.069, 1.113, 298, 
0.072, 1.471, 299, 
0.046, 1.110, 300, 
0.020, 1.129, 301, 
0.048, 1.165, 302, 
0.039, 0.935, 303, 
0.036, 0.747, 304, 
0.049, 1.124, 305, 
0.068, 2.074, 306, 
0.039, 0.832, 307, 
0.035, 1.241, 308, 
0.039, 1.008, 309, 
0.037, 1.496, 310, 
0.041, 1.286, 311, 
0.055, 1.548, 312, 
0.059, 1.460, 313, 
0.021, 0.609, 314, 
0.038, 0.870, 315, 
0.050, 1.458, 316, 
0.032, 1.307, 317, 
0.033, 1.172, 318, 
0.031, 1.161, 319, 
0.009, 0.887, 320, 
0.016, 1.538, 321, 
0.045, 1.526, 322, 
0.037, 1.100, 323, 
0.023, 0.901, 324, 
0.019, 0.906, 325, 
0.050, 0.892, 326, 
0.054, 1.684, 327, 
0.035, 0.723, 328, 
0.037, 1.344, 329, 
0.042, 1.234, 330, 
0.027, 0.744, 331, 
0.060, 1.723, 332, 
0.025, 2.014, 333, 
0.042, 0.896, 334, 
0.037, 2.062, 335, 
0.025, 0.752, 336, 
0.041, 0.965, 337, 
0.046, 1.740, 338, 
0.020, 0.622, 339, 
0.058, 1.533, 340, 
0.038, 1.292, 341, 
0.058, 1.775, 342, 
0.020, 2.055, 343, 
0.038, 1.260, 344, 
0.058, 1.415, 345, 
0.040, 0.675, 346, 
0.053, 1.280, 347, 
0.028, 0.763, 348, 
0.034, 0.926, 349, 
0.039, 1.272, 350, 
0.058, 1.214, 351, 
0.060, 1.212, 352, 
-0.004, 1.609, 353, 
0.042, 1.300, 354, 
0.033, 1.189, 355, 
0.045, 1.661, 356, 
0.039, 0.858, 357, 
0.061, 1.031, 358, 
0.054, 0.833, 359, 
0.048, 0.953, 360, 
0.048, 1.116, 361, 
0.049, 0.939, 362, 
0.066, 1.019, 363, 
0.035, 1.433, 364, 
0.059, 1.526, 365, 
0.026, 1.255, 366, 
0.038, 1.048, 367, 
0.043, 1.451, 368, 
0.017, 1.001, 369, 
0.056, 2.025, 370, 
0.035, 1.454, 371, 
0.055, 0.832, 372, 
0.037, 1.195, 373, 
0.035, 0.917, 374, 
0.029, 0.927, 375, 
0.028, 0.684, 376, 
0.024, 0.962, 377, 
0.030, 0.787, 378, 
0.019, 1.448, 379, 
0.050, 1.012, 380, 
0.047, 1.466, 381, 
0.063, 2.114, 382, 
0.047, 1.181, 383, 
0.045, 1.163, 384, 
0.033, 1.071, 385, 
0.004, 1.220, 386, 
0.030, 0.707, 387, 
0.031, 1.135, 388, 
0.048, 1.381, 389, 
0.024, 0.842, 390, 
0.059, 1.317, 391, 
0.041, 1.461, 392, 
0.062, 1.218, 393, 
0.038, 1.498, 394, 
0.035, 1.449, 395, 
0.078, 1.566, 396, 
0.063, 1.711, 397, 
0.035, 0.917, 398, 
0.041, 1.327, 399, 
0.047, 1.194, 400, 
0.023, 0.889, 401, 
0.025, 1.073, 402, 
0.052, 1.054, 403, 
0.024, 0.843, 404, 
0.027, 1.504, 405, 
0.031, 0.981, 406, 
0.006, 0.973, 407, 
0.039, 0.914, 408, 
0.062, 1.972, 409, 
0.031, 0.926, 410, 
0.053, 1.209, 411, 
0.015, 1.125, 412, 
0.037, 0.995, 413, 
0.062, 1.388, 414, 
0.034, 1.150, 415, 
0.022, 0.913, 416, 
0.050, 1.420, 417, 
0.028, 1.657, 418, 
0.024, 1.188, 419, 
0.058, 1.490, 420, 
0.035, 1.636, 421, 
0.040, 1.335, 422, 
0.064, 1.687, 423, 
0.053, 1.232, 424, 
0.032, 1.460, 425, 
0.059, 1.204, 426, 
0.016, 1.958, 427, 
0.040, 1.378, 428, 
0.061, 2.761, 429, 
0.043, 0.980, 430, 
0.055, 1.341, 431, 
0.037, 1.132, 432, 
-0.006, 2.045, 433, 
0.053, 1.237, 434, 
0.079, 1.772, 435, 
0.038, 1.184, 436, 
0.041, 1.110, 437, 
0.041, 1.467, 438, 
0.048, 1.159, 439, 
0.049, 1.465, 440, 
0.050, 1.679, 441, 
0.012, 0.966, 442, 
0.032, 1.546, 443, 
0.016, 0.785, 444, 
0.084, 1.478, 445, 
0.040, 0.979, 446, 
0.044, 1.397, 447, 
0.061, 1.494, 448, 
0.066, 1.019, 449, 
0.024, 0.914, 450, 
0.039, 1.287, 451, 
0.041, 1.110, 452, 
0.042, 0.885, 453, 
0.021, 1.364, 454, 
0.059, 1.032, 455, 
0.028, 0.806, 456, 
0.062, 1.178, 457, 
0.055, 1.649, 458, 
0.056, 0.849, 459, 
0.017, 1.877, 460, 
0.045, 1.514, 461, 
0.061, 1.118, 462, 
0.046, 1.573, 463, 
0.042, 0.964, 464, 
0.030, 0.979, 465, 
0.028, 0.903, 466, 
0.025, 1.067, 467, 
0.055, 0.958, 468, 
0.042, 1.055, 469, 
0.010, 0.929, 470, 
0.020, 0.914, 471, 
0.038, 1.046, 472, 
0.034, 1.198, 473, 
0.046, 0.840, 474, 
0.033, 0.898, 475, 
0.041, 0.900, 476, 
0.022, 0.756, 477, 
0.029, 1.685, 478, 
0.069, 1.260, 479, 
0.049, 0.967, 480, 
0.039, 1.821, 481, 
0.024, 1.017, 482, 
0.080, 1.587, 483, 
0.045, 0.987, 484, 
0.049, 1.042, 485, 
0.020, 0.720, 486, 
0.049, 1.195, 487, 
0.061, 0.985, 488, 
0.043, 1.009, 489, 
0.054, 0.976, 490, 
0.074, 1.611, 491, 
0.064, 1.045, 492, 
0.061, 2.304, 493, 
0.041, 2.024, 494, 
0.036, 1.363, 495, 
0.047, 1.514, 496, 
0.044, 1.429, 497, 
0.024, 1.008, 498, 
0.059, 0.979, 499, 
0.035, 0.776, 500, 
0.023, 1.439, 501, 
0.035, 1.122, 502, 
0.014, 1.062, 503, 
0.053, 1.301, 504, 
0.021, 0.670, 505, 
0.028, 1.437, 506, 
0.027, 0.777, 507, 
