mean,std,episode,x
0.014, 0.682, 1, 
0.027, 0.930, 2, 
0.002, 1.433, 3, 
-0.017, 1.092, 4, 
-0.015, 0.621, 5, 
0.013, 0.807, 6, 
-0.022, 0.668, 7, 
-0.001, 1.482, 8, 
-0.025, 1.021, 9, 
0.007, 0.814, 10, 
-0.002, 0.478, 11, 
-0.006, 1.008, 12, 
0.009, 0.837, 13, 
0.002, 0.817, 14, 
0.001, 0.569, 15, 
-0.023, 0.484, 16, 
0.017, 0.795, 17, 
-0.000, 1.014, 18, 
0.008, 0.788, 19, 
0.012, 1.180, 20, 
0.028, 0.984, 21, 
0.029, 0.747, 22, 
-0.021, 0.753, 23, 
0.020, 0.842, 24, 
0.016, 0.867, 25, 
0.003, 0.754, 26, 
-0.021, 0.658, 27, 
-0.004, 1.142, 28, 
-0.009, 0.613, 29, 
-0.003, 0.833, 30, 
-0.020, 1.064, 31, 
-0.000, 0.966, 32, 
0.009, 0.670, 33, 
0.018, 0.565, 34, 
0.001, 0.668, 35, 
-0.025, 0.995, 36, 
-0.003, 1.032, 37, 
-0.015, 0.949, 38, 
0.013, 1.075, 39, 
0.006, 0.816, 40, 
-0.030, 1.237, 41, 
-0.011, 1.079, 42, 
-0.015, 1.108, 43, 
0.007, 0.932, 44, 
-0.032, 1.262, 45, 
-0.026, 1.274, 46, 
0.003, 1.139, 47, 
0.036, 1.096, 48, 
0.014, 1.305, 49, 
-0.031, 1.011, 50, 
0.004, 0.507, 51, 
-0.013, 0.956, 52, 
-0.009, 0.944, 53, 
0.019, 1.369, 54, 
-0.009, 0.734, 55, 
0.017, 0.808, 56, 
-0.006, 1.033, 57, 
-0.009, 0.679, 58, 
0.056, 1.584, 59, 
0.043, 0.927, 60, 
-0.000, 0.651, 61, 
-0.016, 0.851, 62, 
0.031, 0.945, 63, 
0.023, 0.676, 64, 
0.017, 1.532, 65, 
-0.009, 1.087, 66, 
0.037, 1.022, 67, 
0.019, 1.009, 68, 
0.050, 0.863, 69, 
0.022, 0.943, 70, 
0.016, 0.841, 71, 
0.023, 1.405, 72, 
-0.004, 0.771, 73, 
-0.009, 1.153, 74, 
-0.001, 0.675, 75, 
0.022, 0.779, 76, 
-0.013, 0.868, 77, 
0.022, 0.875, 78, 
-0.012, 0.967, 79, 
0.013, 0.784, 80, 
0.016, 1.168, 81, 
0.033, 0.772, 82, 
0.013, 1.016, 83, 
0.002, 0.603, 84, 
0.018, 0.795, 85, 
-0.019, 0.802, 86, 
0.002, 1.128, 87, 
0.014, 0.697, 88, 
-0.010, 0.821, 89, 
0.010, 0.920, 90, 
-0.022, 1.645, 91, 
0.026, 1.600, 92, 
0.002, 0.808, 93, 
0.012, 1.530, 94, 
-0.020, 1.098, 95, 
0.027, 0.921, 96, 
0.018, 0.968, 97, 
0.002, 0.835, 98, 
0.036, 1.042, 99, 
0.016, 1.091, 100, 
0.008, 0.601, 101, 
0.011, 0.687, 102, 
0.005, 1.275, 103, 
0.017, 0.717, 104, 
-0.009, 1.161, 105, 
0.034, 1.320, 106, 
-0.000, 0.743, 107, 
0.018, 1.052, 108, 
0.009, 0.810, 109, 
0.013, 0.781, 110, 
0.039, 0.944, 111, 
-0.008, 1.105, 112, 
0.005, 0.717, 113, 
0.028, 0.855, 114, 
0.011, 0.900, 115, 
0.016, 0.752, 116, 
-0.024, 1.589, 117, 
0.018, 1.106, 118, 
0.011, 1.350, 119, 
0.022, 0.828, 120, 
-0.001, 0.923, 121, 
0.016, 0.722, 122, 
-0.005, 0.856, 123, 
-0.003, 1.287, 124, 
0.010, 1.157, 125, 
0.006, 0.695, 126, 
0.008, 0.599, 127, 
0.011, 1.426, 128, 
0.033, 0.851, 129, 
0.011, 1.169, 130, 
0.006, 0.663, 131, 
0.007, 0.631, 132, 
0.035, 0.800, 133, 
0.007, 1.218, 134, 
0.029, 0.817, 135, 
0.037, 0.860, 136, 
0.050, 1.211, 137, 
0.042, 1.091, 138, 
0.037, 1.069, 139, 
0.019, 0.777, 140, 
0.007, 0.775, 141, 
0.007, 0.919, 142, 
0.009, 0.988, 143, 
0.048, 0.854, 144, 
-0.009, 0.955, 145, 
0.006, 0.797, 146, 
0.016, 1.197, 147, 
0.003, 0.993, 148, 
0.021, 0.695, 149, 
0.009, 0.872, 150, 
0.022, 1.198, 151, 
0.024, 0.996, 152, 
0.007, 0.602, 153, 
0.019, 1.337, 154, 
0.021, 1.054, 155, 
-0.018, 1.165, 156, 
0.020, 0.915, 157, 
0.035, 0.951, 158, 
0.033, 1.141, 159, 
0.042, 1.183, 160, 
0.039, 0.737, 161, 
0.047, 1.255, 162, 
0.033, 0.616, 163, 
0.019, 1.116, 164, 
0.044, 1.183, 165, 
0.026, 1.239, 166, 
0.014, 1.010, 167, 
0.043, 1.215, 168, 
0.027, 0.827, 169, 
0.033, 0.961, 170, 
0.014, 0.777, 171, 
0.037, 1.793, 172, 
0.031, 1.174, 173, 
0.034, 1.279, 174, 
0.008, 1.191, 175, 
0.048, 0.889, 176, 
0.036, 1.229, 177, 
0.020, 0.831, 178, 
0.017, 0.778, 179, 
0.021, 1.029, 180, 
-0.013, 1.694, 181, 
0.030, 0.911, 182, 
0.020, 0.882, 183, 
0.016, 0.948, 184, 
0.031, 0.835, 185, 
0.006, 1.102, 186, 
0.011, 1.134, 187, 
0.048, 0.864, 188, 
0.030, 1.096, 189, 
0.043, 1.097, 190, 
0.031, 1.096, 191, 
0.003, 1.508, 192, 
0.027, 1.138, 193, 
-0.002, 1.598, 194, 
0.009, 0.778, 195, 
0.017, 0.683, 196, 
0.043, 1.580, 197, 
0.029, 2.163, 198, 
0.017, 1.359, 199, 
0.060, 0.927, 200, 
0.035, 0.839, 201, 
0.032, 1.455, 202, 
0.016, 0.712, 203, 
0.044, 1.319, 204, 
0.016, 0.887, 205, 
0.028, 0.961, 206, 
0.060, 0.908, 207, 
0.068, 1.802, 208, 
0.036, 1.182, 209, 
0.013, 0.827, 210, 
0.012, 0.985, 211, 
0.022, 0.945, 212, 
-0.002, 1.072, 213, 
0.036, 0.613, 214, 
0.033, 0.920, 215, 
-0.003, 1.237, 216, 
0.039, 1.222, 217, 
0.020, 0.826, 218, 
0.020, 0.703, 219, 
-0.014, 1.492, 220, 
0.027, 1.335, 221, 
0.096, 1.246, 222, 
0.028, 1.427, 223, 
0.017, 0.912, 224, 
0.067, 0.986, 225, 
0.033, 0.785, 226, 
0.025, 0.864, 227, 
0.025, 0.760, 228, 
0.035, 1.043, 229, 
0.051, 1.159, 230, 
0.007, 0.860, 231, 
0.012, 1.388, 232, 
0.032, 0.993, 233, 
0.046, 1.639, 234, 
0.039, 1.645, 235, 
0.028, 1.032, 236, 
0.014, 0.892, 237, 
0.061, 1.342, 238, 
0.017, 0.753, 239, 
0.032, 0.708, 240, 
0.033, 0.854, 241, 
-0.003, 1.464, 242, 
0.038, 1.072, 243, 
0.044, 1.771, 244, 
0.020, 1.096, 245, 
0.056, 1.471, 246, 
0.033, 0.923, 247, 
-0.023, 2.108, 248, 
0.062, 1.546, 249, 
0.054, 0.937, 250, 
0.052, 1.143, 251, 
0.045, 1.129, 252, 
0.035, 1.012, 253, 
0.074, 2.871, 254, 
0.029, 0.935, 255, 
0.058, 1.028, 256, 
0.067, 1.406, 257, 
0.033, 1.358, 258, 
0.011, 1.088, 259, 
0.052, 1.203, 260, 
0.042, 1.433, 261, 
0.046, 1.168, 262, 
0.035, 1.425, 263, 
0.027, 1.147, 264, 
-0.005, 2.478, 265, 
0.032, 1.003, 266, 
0.025, 1.218, 267, 
0.066, 1.405, 268, 
0.048, 1.511, 269, 
0.036, 1.379, 270, 
0.044, 1.300, 271, 
0.032, 1.341, 272, 
0.028, 1.179, 273, 
0.017, 1.333, 274, 
0.023, 2.152, 275, 
0.059, 1.282, 276, 
0.028, 1.380, 277, 
0.062, 1.269, 278, 
0.028, 0.720, 279, 
0.018, 0.943, 280, 
0.015, 1.467, 281, 
0.030, 1.232, 282, 
0.079, 2.165, 283, 
0.021, 0.691, 284, 
0.009, 2.092, 285, 
0.039, 1.473, 286, 
0.015, 0.765, 287, 
0.035, 0.872, 288, 
0.060, 0.845, 289, 
0.049, 0.951, 290, 
0.023, 2.045, 291, 
0.035, 1.525, 292, 
0.051, 1.395, 293, 
0.029, 1.085, 294, 
0.064, 1.858, 295, 
0.045, 1.541, 296, 
0.074, 2.939, 297, 
0.067, 1.504, 298, 
0.046, 1.107, 299, 
0.043, 1.530, 300, 
0.078, 1.455, 301, 
0.049, 1.801, 302, 
0.070, 1.586, 303, 
0.035, 1.706, 304, 
0.029, 1.381, 305, 
0.046, 1.809, 306, 
0.027, 1.734, 307, 
0.068, 1.329, 308, 
-0.030, 2.630, 309, 
0.028, 1.239, 310, 
0.006, 1.406, 311, 
0.052, 1.200, 312, 
0.053, 1.458, 313, 
0.015, 1.579, 314, 
0.022, 0.926, 315, 
0.042, 1.475, 316, 
0.016, 1.099, 317, 
0.102, 1.346, 318, 
0.048, 1.283, 319, 
0.072, 2.210, 320, 
0.067, 1.230, 321, 
0.078, 1.617, 322, 
0.032, 1.117, 323, 
0.025, 0.667, 324, 
0.039, 1.173, 325, 
0.044, 1.533, 326, 
0.032, 0.815, 327, 
0.032, 1.000, 328, 
0.025, 1.561, 329, 
0.059, 1.562, 330, 
0.028, 0.975, 331, 
0.032, 1.295, 332, 
0.055, 1.568, 333, 
0.040, 1.308, 334, 
0.037, 1.531, 335, 
0.033, 1.973, 336, 
0.029, 0.776, 337, 
0.051, 1.291, 338, 
0.029, 0.823, 339, 
0.051, 2.785, 340, 
0.037, 1.410, 341, 
0.022, 2.747, 342, 
0.050, 1.887, 343, 
0.062, 1.477, 344, 
0.030, 1.232, 345, 
0.042, 0.954, 346, 
0.014, 0.942, 347, 
0.049, 1.125, 348, 
0.006, 1.360, 349, 
0.012, 1.234, 350, 
0.038, 1.834, 351, 
0.016, 1.144, 352, 
0.072, 1.515, 353, 
0.038, 1.720, 354, 
0.033, 0.831, 355, 
0.039, 1.495, 356, 
0.040, 1.221, 357, 
0.024, 0.977, 358, 
0.019, 1.499, 359, 
0.071, 1.073, 360, 
0.041, 1.536, 361, 
0.025, 0.945, 362, 
0.026, 1.032, 363, 
0.060, 1.608, 364, 
0.011, 0.798, 365, 
0.027, 1.361, 366, 
0.018, 1.113, 367, 
0.051, 1.282, 368, 
0.042, 0.898, 369, 
0.091, 1.342, 370, 
0.011, 1.135, 371, 
0.080, 1.196, 372, 
0.007, 0.984, 373, 
0.010, 1.450, 374, 
0.017, 1.968, 375, 
0.031, 0.714, 376, 
0.020, 0.996, 377, 
-0.006, 1.931, 378, 
0.034, 0.830, 379, 
0.026, 1.337, 380, 
0.031, 1.398, 381, 
0.030, 1.122, 382, 
0.027, 1.505, 383, 
0.026, 1.410, 384, 
0.054, 1.708, 385, 
0.039, 2.272, 386, 
0.028, 0.669, 387, 
0.034, 0.774, 388, 
0.061, 1.852, 389, 
0.056, 1.601, 390, 
0.046, 1.740, 391, 
0.045, 1.200, 392, 
0.033, 1.009, 393, 
0.012, 1.135, 394, 
0.065, 1.322, 395, 
0.032, 1.074, 396, 
0.039, 1.210, 397, 
0.019, 1.551, 398, 
0.027, 0.831, 399, 
0.051, 1.946, 400, 
0.035, 1.603, 401, 
0.047, 1.550, 402, 
0.057, 1.297, 403, 
0.037, 1.014, 404, 
0.058, 1.743, 405, 
0.058, 1.608, 406, 
0.080, 1.608, 407, 
0.044, 1.222, 408, 
0.032, 0.903, 409, 
0.034, 1.762, 410, 
0.005, 1.003, 411, 
0.065, 1.358, 412, 
0.044, 1.567, 413, 
0.055, 1.658, 414, 
0.073, 1.889, 415, 
0.058, 1.668, 416, 
0.048, 1.132, 417, 
0.030, 1.469, 418, 
0.044, 1.423, 419, 
0.043, 1.075, 420, 
0.014, 2.134, 421, 
0.049, 1.111, 422, 
0.040, 1.162, 423, 
0.053, 1.342, 424, 
0.043, 0.999, 425, 
0.058, 2.239, 426, 
0.014, 1.104, 427, 
0.032, 1.155, 428, 
0.028, 1.061, 429, 
0.039, 1.042, 430, 
0.023, 2.282, 431, 
0.011, 1.665, 432, 
0.040, 0.964, 433, 
0.055, 1.272, 434, 
0.044, 0.915, 435, 
0.032, 2.169, 436, 
0.051, 1.725, 437, 
0.072, 1.118, 438, 
0.027, 1.113, 439, 
0.096, 1.224, 440, 
0.069, 1.549, 441, 
0.052, 1.257, 442, 
0.050, 1.282, 443, 
0.021, 0.975, 444, 
0.025, 1.609, 445, 
0.036, 1.026, 446, 
0.061, 1.080, 447, 
0.018, 2.218, 448, 
0.048, 1.482, 449, 
0.076, 2.130, 450, 
0.018, 1.221, 451, 
0.058, 1.751, 452, 
0.052, 1.386, 453, 
0.022, 1.013, 454, 
0.064, 1.307, 455, 
0.059, 2.096, 456, 
0.030, 1.548, 457, 
0.028, 0.966, 458, 
0.031, 1.165, 459, 
0.047, 1.260, 460, 
0.032, 1.053, 461, 
0.060, 1.539, 462, 
0.042, 1.168, 463, 
0.073, 1.809, 464, 
0.069, 1.092, 465, 
0.027, 0.851, 466, 
0.034, 1.848, 467, 
0.045, 1.489, 468, 
0.054, 1.181, 469, 
0.080, 1.451, 470, 
0.043, 1.320, 471, 
0.006, 2.226, 472, 
0.066, 1.452, 473, 
0.074, 1.690, 474, 
0.057, 2.296, 475, 
0.051, 1.620, 476, 
0.037, 1.268, 477, 
0.011, 1.851, 478, 
0.032, 0.908, 479, 
0.039, 1.459, 480, 
0.058, 1.507, 481, 
0.054, 1.238, 482, 
0.046, 2.410, 483, 
0.051, 1.340, 484, 
0.019, 1.017, 485, 
0.069, 1.125, 486, 
0.002, 2.304, 487, 
0.030, 1.431, 488, 
0.033, 1.367, 489, 
0.049, 1.523, 490, 
0.028, 1.441, 491, 
0.065, 0.909, 492, 
0.059, 1.747, 493, 
0.059, 1.128, 494, 
0.035, 2.437, 495, 
0.037, 1.061, 496, 
0.021, 1.134, 497, 
0.061, 0.937, 498, 
0.041, 1.872, 499, 
0.021, 1.484, 500, 
0.032, 1.038, 501, 
0.066, 1.257, 502, 
0.036, 1.122, 503, 
0.040, 1.163, 504, 
0.037, 1.281, 505, 
0.053, 1.177, 506, 
0.064, 1.739, 507, 
0.099, 1.467, 508, 
0.054, 1.712, 509, 
0.040, 2.040, 510, 
0.043, 1.091, 511, 
0.029, 1.018, 512, 
0.038, 1.079, 513, 
0.034, 1.247, 514, 
0.037, 1.315, 515, 
0.072, 2.513, 516, 
0.062, 1.385, 517, 
0.028, 1.827, 518, 
0.049, 1.080, 519, 
0.031, 0.973, 520, 
0.041, 0.947, 521, 
0.096, 1.539, 522, 
0.064, 1.197, 523, 
0.043, 1.322, 524, 
0.044, 2.433, 525, 
0.065, 1.460, 526, 
0.026, 0.926, 527, 
0.050, 0.984, 528, 
0.036, 1.663, 529, 
0.027, 0.810, 530, 
0.065, 1.257, 531, 
0.026, 0.889, 532, 
0.050, 0.900, 533, 
0.044, 0.892, 534, 
0.058, 2.694, 535, 
0.029, 1.122, 536, 
0.024, 2.267, 537, 
0.047, 1.705, 538, 
0.049, 2.128, 539, 
0.027, 0.902, 540, 
0.048, 1.316, 541, 
0.036, 0.919, 542, 
0.066, 1.232, 543, 
0.021, 0.910, 544, 
0.016, 1.068, 545, 
0.071, 1.765, 546, 
0.029, 1.703, 547, 
0.020, 1.116, 548, 
0.020, 1.070, 549, 
0.038, 0.939, 550, 
0.074, 1.199, 551, 
0.014, 1.408, 552, 
0.034, 0.957, 553, 
0.054, 0.942, 554, 
0.028, 1.060, 555, 
0.013, 1.896, 556, 
0.032, 0.831, 557, 
0.059, 1.790, 558, 
0.032, 0.928, 559, 
0.032, 2.502, 560, 
0.043, 1.356, 561, 
0.037, 1.317, 562, 
0.034, 1.311, 563, 
0.042, 1.136, 564, 
0.042, 1.132, 565, 
0.032, 1.399, 566, 
0.062, 1.604, 567, 
0.070, 1.649, 568, 
0.030, 0.963, 569, 
0.047, 1.204, 570, 
0.016, 1.205, 571, 
0.024, 0.989, 572, 
0.055, 1.344, 573, 
0.034, 2.104, 574, 
0.024, 1.234, 575, 
0.044, 1.680, 576, 
0.046, 1.760, 577, 
0.052, 1.377, 578, 
0.046, 1.237, 579, 
0.065, 1.466, 580, 
0.055, 1.522, 581, 
0.094, 1.683, 582, 
0.042, 1.052, 583, 
0.017, 0.972, 584, 
0.035, 2.045, 585, 
-0.001, 2.316, 586, 
0.055, 1.357, 587, 
0.033, 0.918, 588, 
0.054, 1.136, 589, 
0.031, 1.075, 590, 
0.049, 1.239, 591, 
0.051, 1.076, 592, 
0.065, 1.715, 593, 
0.030, 1.216, 594, 
0.071, 2.214, 595, 
0.038, 1.541, 596, 
0.076, 1.316, 597, 
0.061, 1.199, 598, 
0.070, 1.829, 599, 
0.026, 1.273, 600, 
0.036, 1.541, 601, 
0.053, 1.636, 602, 
0.040, 0.948, 603, 
0.077, 1.503, 604, 
-0.000, 1.336, 605, 
0.039, 1.187, 606, 
0.045, 1.372, 607, 
0.060, 1.294, 608, 
0.044, 1.017, 609, 
0.025, 1.020, 610, 
0.113, 1.471, 611, 
0.039, 1.648, 612, 
0.027, 0.910, 613, 
0.036, 1.541, 614, 
0.048, 1.502, 615, 
0.045, 1.131, 616, 
0.067, 1.446, 617, 
0.097, 1.295, 618, 
0.044, 1.453, 619, 
0.059, 1.948, 620, 
0.052, 1.400, 621, 
0.072, 1.314, 622, 
0.041, 1.242, 623, 
0.048, 1.369, 624, 
0.062, 1.552, 625, 
0.061, 1.533, 626, 
0.039, 1.581, 627, 
-0.026, 2.850, 628, 
0.046, 1.623, 629, 
0.068, 1.445, 630, 
0.045, 1.563, 631, 
0.025, 1.737, 632, 
0.063, 1.269, 633, 
0.056, 1.712, 634, 
0.052, 1.394, 635, 
0.070, 0.954, 636, 
0.061, 1.950, 637, 
0.020, 1.069, 638, 
0.026, 1.093, 639, 
0.025, 1.206, 640, 
0.039, 0.915, 641, 
0.033, 1.910, 642, 
0.014, 1.689, 643, 
0.062, 1.827, 644, 
0.058, 1.471, 645, 
0.019, 0.835, 646, 
0.033, 0.798, 647, 
0.031, 1.091, 648, 
0.017, 1.466, 649, 
0.072, 1.595, 650, 
0.050, 2.030, 651, 
0.038, 2.059, 652, 
0.059, 2.419, 653, 
0.061, 1.401, 654, 
0.018, 2.327, 655, 
0.048, 1.252, 656, 
0.071, 0.920, 657, 
0.058, 1.733, 658, 
0.050, 1.445, 659, 
0.057, 1.940, 660, 
0.086, 1.259, 661, 
0.045, 2.373, 662, 
0.027, 1.121, 663, 
0.044, 1.861, 664, 
-0.005, 1.886, 665, 
0.049, 1.236, 666, 
0.049, 0.959, 667, 
0.037, 0.811, 668, 
0.053, 1.273, 669, 
0.030, 0.948, 670, 
0.011, 1.920, 671, 
0.050, 0.848, 672, 
0.041, 1.049, 673, 
0.051, 1.289, 674, 
0.034, 1.007, 675, 
0.069, 1.300, 676, 
0.044, 0.912, 677, 
0.053, 1.226, 678, 
0.021, 1.222, 679, 
0.053, 1.655, 680, 
0.020, 1.634, 681, 
0.052, 1.093, 682, 
0.022, 0.955, 683, 
0.028, 1.067, 684, 
0.035, 1.322, 685, 
0.076, 1.578, 686, 
0.048, 1.071, 687, 
0.020, 1.082, 688, 
0.042, 0.959, 689, 
0.035, 1.197, 690, 
0.073, 1.499, 691, 
0.041, 2.972, 692, 
0.030, 0.948, 693, 
0.046, 1.545, 694, 
0.031, 1.200, 695, 
0.042, 1.453, 696, 
0.047, 1.084, 697, 
0.072, 1.197, 698, 
0.066, 0.924, 699, 
0.047, 1.008, 700, 
0.050, 1.134, 701, 
0.041, 1.071, 702, 
0.050, 1.664, 703, 
0.053, 1.241, 704, 
0.077, 1.681, 705, 
0.042, 1.330, 706, 
0.074, 1.466, 707, 
0.034, 0.782, 708, 
0.044, 2.259, 709, 
0.033, 1.288, 710, 
0.038, 0.780, 711, 
0.061, 1.631, 712, 
0.049, 1.533, 713, 
0.071, 1.385, 714, 
0.047, 1.244, 715, 
0.038, 0.977, 716, 
0.022, 1.319, 717, 
0.034, 0.806, 718, 
0.054, 1.301, 719, 
0.038, 0.962, 720, 
0.100, 2.333, 721, 
0.077, 2.233, 722, 
0.046, 1.533, 723, 
0.020, 1.020, 724, 
0.027, 1.100, 725, 
0.028, 1.074, 726, 
0.011, 1.393, 727, 
0.056, 1.661, 728, 
0.060, 1.107, 729, 
0.019, 1.346, 730, 
0.057, 1.729, 731, 
0.025, 2.468, 732, 
0.020, 1.078, 733, 
0.041, 1.640, 734, 
0.067, 1.785, 735, 
0.064, 0.951, 736, 
0.023, 1.671, 737, 
0.021, 1.666, 738, 
0.067, 1.698, 739, 
0.028, 1.093, 740, 
0.125, 1.530, 741, 
0.061, 1.419, 742, 
0.050, 1.475, 743, 
0.036, 1.395, 744, 
0.054, 2.426, 745, 
0.019, 0.848, 746, 
0.058, 1.751, 747, 
0.072, 1.561, 748, 
0.027, 1.888, 749, 
0.062, 1.494, 750, 
-0.017, 2.196, 751, 
0.016, 1.293, 752, 
0.043, 0.968, 753, 
0.073, 1.217, 754, 
0.024, 1.097, 755, 
0.068, 1.585, 756, 
0.014, 1.084, 757, 
0.036, 0.987, 758, 
0.024, 1.295, 759, 
0.070, 1.484, 760, 
0.037, 1.411, 761, 
0.022, 1.074, 762, 
0.056, 1.450, 763, 
0.041, 1.595, 764, 
0.026, 1.278, 765, 
0.050, 1.134, 766, 
0.038, 1.719, 767, 
0.062, 1.799, 768, 
0.036, 1.128, 769, 
0.042, 1.319, 770, 
0.052, 1.965, 771, 
0.049, 0.959, 772, 
0.064, 1.779, 773, 
0.094, 1.848, 774, 
0.059, 1.623, 775, 
0.043, 1.107, 776, 
0.006, 1.958, 777, 
0.050, 1.290, 778, 
0.057, 1.451, 779, 
0.020, 1.084, 780, 
0.018, 0.865, 781, 
0.045, 1.104, 782, 
0.068, 2.109, 783, 
0.040, 1.151, 784, 
0.048, 0.795, 785, 
0.048, 1.339, 786, 
0.065, 1.405, 787, 
0.014, 1.214, 788, 
0.051, 1.852, 789, 
0.053, 1.401, 790, 
0.060, 1.496, 791, 
0.086, 1.971, 792, 
0.029, 0.776, 793, 
0.050, 1.738, 794, 
0.053, 1.727, 795, 
0.075, 2.087, 796, 
0.039, 0.970, 797, 
0.046, 1.735, 798, 
0.039, 2.478, 799, 
0.051, 2.215, 800, 
0.021, 2.989, 801, 
0.014, 1.956, 802, 
0.061, 1.443, 803, 
0.048, 1.103, 804, 
0.066, 1.396, 805, 
0.073, 1.235, 806, 
0.068, 1.692, 807, 
0.054, 1.107, 808, 
0.027, 1.267, 809, 
0.023, 0.919, 810, 
0.042, 0.804, 811, 
0.056, 1.959, 812, 
0.040, 1.986, 813, 
0.026, 0.882, 814, 
0.073, 2.091, 815, 
0.031, 0.994, 816, 
0.045, 1.258, 817, 
0.053, 2.016, 818, 
0.044, 1.469, 819, 
0.050, 1.577, 820, 
0.045, 2.510, 821, 
0.071, 1.427, 822, 
0.056, 1.376, 823, 
0.051, 1.552, 824, 
0.068, 1.325, 825, 
0.052, 1.523, 826, 
0.026, 1.019, 827, 
0.035, 1.097, 828, 
0.038, 1.582, 829, 
0.056, 1.995, 830, 
0.061, 1.529, 831, 
0.064, 1.401, 832, 
0.042, 2.129, 833, 
0.038, 1.737, 834, 
0.057, 1.435, 835, 
0.089, 1.873, 836, 
0.038, 1.729, 837, 
0.025, 1.076, 838, 
0.014, 1.226, 839, 
0.031, 1.348, 840, 
0.062, 2.572, 841, 
0.036, 1.355, 842, 
0.031, 1.659, 843, 
0.029, 1.931, 844, 
0.101, 2.665, 845, 
0.068, 1.775, 846, 
0.039, 1.583, 847, 
0.023, 0.925, 848, 
0.061, 1.249, 849, 
0.043, 1.329, 850, 
0.046, 1.761, 851, 
0.032, 1.571, 852, 
0.112, 2.491, 853, 
0.036, 1.138, 854, 
0.036, 0.943, 855, 
0.043, 1.398, 856, 
0.040, 1.765, 857, 
0.057, 1.532, 858, 
0.058, 1.934, 859, 
0.014, 1.153, 860, 
0.032, 1.723, 861, 
0.043, 2.045, 862, 
0.023, 0.928, 863, 
0.029, 0.776, 864, 
0.036, 1.318, 865, 
0.044, 1.583, 866, 
0.101, 1.579, 867, 
0.057, 1.534, 868, 
0.040, 1.162, 869, 
0.061, 1.250, 870, 
0.034, 1.142, 871, 
0.034, 1.023, 872, 
0.040, 1.281, 873, 
0.056, 1.532, 874, 
0.086, 2.010, 875, 
0.052, 2.254, 876, 
0.021, 1.766, 877, 
0.062, 1.502, 878, 
0.062, 1.275, 879, 
0.023, 1.020, 880, 
0.059, 1.571, 881, 
0.057, 1.462, 882, 
0.036, 2.035, 883, 
0.050, 0.977, 884, 
0.039, 2.528, 885, 
0.025, 0.832, 886, 
0.050, 0.977, 887, 
0.051, 1.730, 888, 
0.042, 1.165, 889, 
0.014, 1.060, 890, 
0.044, 0.929, 891, 
0.028, 1.146, 892, 
0.067, 1.599, 893, 
0.031, 1.740, 894, 
0.066, 1.406, 895, 
0.039, 2.009, 896, 
0.052, 1.447, 897, 
0.048, 1.277, 898, 
0.070, 1.777, 899, 
0.038, 1.012, 900, 
0.039, 1.023, 901, 
0.043, 2.144, 902, 
0.043, 1.427, 903, 
0.070, 1.473, 904, 
0.073, 2.132, 905, 
0.042, 1.166, 906, 
0.028, 1.668, 907, 
0.057, 1.537, 908, 
0.056, 1.493, 909, 
0.021, 1.163, 910, 
0.059, 1.199, 911, 
0.061, 1.857, 912, 
0.038, 1.585, 913, 
0.036, 1.675, 914, 
0.055, 1.935, 915, 
0.043, 1.274, 916, 
0.050, 0.815, 917, 
0.040, 1.342, 918, 
0.051, 1.984, 919, 
0.054, 1.666, 920, 
0.023, 0.959, 921, 
0.064, 2.368, 922, 
0.068, 1.709, 923, 
0.051, 2.055, 924, 
0.017, 1.462, 925, 
0.068, 2.206, 926, 
0.042, 2.046, 927, 
0.039, 1.586, 928, 
0.075, 1.192, 929, 
0.044, 1.385, 930, 
0.052, 1.499, 931, 
0.076, 1.803, 932, 
0.028, 0.895, 933, 
0.051, 1.564, 934, 
0.024, 2.584, 935, 
0.051, 1.559, 936, 
0.035, 1.174, 937, 
0.066, 1.599, 938, 
0.065, 1.896, 939, 
0.060, 1.734, 940, 
0.047, 0.921, 941, 
0.038, 2.108, 942, 
0.023, 1.918, 943, 
0.033, 1.317, 944, 
0.051, 1.724, 945, 
0.021, 1.246, 946, 
0.064, 1.252, 947, 
0.012, 1.053, 948, 
0.051, 1.300, 949, 
0.073, 1.660, 950, 
0.044, 1.585, 951, 
-0.013, 2.933, 952, 
0.040, 1.316, 953, 
0.024, 1.251, 954, 
0.074, 1.223, 955, 
0.050, 1.403, 956, 
0.073, 2.079, 957, 
0.043, 1.103, 958, 
0.068, 1.334, 959, 
0.052, 1.092, 960, 
0.027, 1.156, 961, 
0.055, 1.358, 962, 
0.035, 1.091, 963, 
0.043, 1.277, 964, 
0.026, 1.012, 965, 
0.062, 2.483, 966, 
0.034, 1.438, 967, 
0.057, 1.250, 968, 
0.029, 0.775, 969, 
0.031, 1.642, 970, 
0.061, 1.250, 971, 
0.029, 1.406, 972, 
0.027, 1.114, 973, 
0.044, 0.926, 974, 
0.051, 2.497, 975, 
0.041, 2.400, 976, 
0.029, 1.727, 977, 
0.030, 1.144, 978, 
0.036, 1.745, 979, 
0.018, 1.163, 980, 
0.037, 1.359, 981, 
0.003, 2.402, 982, 
0.045, 1.583, 983, 
0.051, 1.525, 984, 
0.014, 3.104, 985, 
0.058, 2.008, 986, 
0.022, 2.319, 987, 
0.039, 1.382, 988, 
0.023, 2.005, 989, 
0.075, 1.806, 990, 
0.057, 1.646, 991, 
0.027, 0.894, 992, 
0.057, 1.700, 993, 
0.056, 1.666, 994, 
0.036, 0.930, 995, 
0.060, 1.529, 996, 
0.022, 1.752, 997, 
0.035, 1.002, 998, 
0.041, 1.171, 999, 
0.053, 1.415, 1000, 
0.047, 1.018, 1001, 
0.018, 1.164, 1002, 
0.029, 1.434, 1003, 
0.066, 1.901, 1004, 
0.044, 1.251, 1005, 
0.031, 1.233, 1006, 
0.036, 1.023, 1007, 
0.009, 1.392, 1008, 
0.039, 1.188, 1009, 
0.070, 1.271, 1010, 
0.027, 1.929, 1011, 
0.056, 1.999, 1012, 
0.043, 1.582, 1013, 
0.024, 1.853, 1014, 
0.066, 1.435, 1015, 
0.040, 1.358, 1016, 
0.073, 1.430, 1017, 
0.067, 1.331, 1018, 
0.027, 1.408, 1019, 
0.042, 0.926, 1020, 
0.038, 1.188, 1021, 
0.056, 1.699, 1022, 
0.044, 1.581, 1023, 
0.025, 1.273, 1024, 
0.082, 1.410, 1025, 
0.060, 1.038, 1026, 
0.044, 1.133, 1027, 
0.032, 1.784, 1028, 
0.071, 1.669, 1029, 
0.055, 1.433, 1030, 
